6.6098e+02 3.0423e+02 1
6.3621e+02 3.0617e+02 1
6.6275e+02 3.0756e+02 1
6.5749e+02 3.0774e+02 1
6.3527e+02 3.0816e+02 1
6.4048e+02 3.0959e+02 1
6.6052e+02 3.0961e+02 1
6.5876e+02 3.1259e+02 1
6.7482e+02 3.1509e+02 1
6.4917e+02 3.1617e+02 1
6.3186e+02 3.1691e+02 1
6.7351e+02 3.1765e+02 1
6.3744e+02 3.1829e+02 1
6.4400e+02 3.2056e+02 1
6.2268e+02 3.2084e+02 1
6.5550e+02 3.2092e+02 1
6.2632e+02 3.2178e+02 1
6.3325e+02 3.2249e+02 1
6.7836e+02 3.2347e+02 1
6.3708e+02 3.2362e+02 1
6.5308e+02 3.2443e+02 1
6.3903e+02 3.2452e+02 1
6.8098e+02 3.2467e+02 1
6.4465e+02 3.2590e+02 1
6.5227e+02 3.2639e+02 1
6.6575e+02 3.2757e+02 1
6.7527e+02 3.2761e+02 1
6.3121e+02 3.2795e+02 1
6.4360e+02 3.2854e+02 1
6.6853e+02 3.2906e+02 1
6.5899e+02 3.2916e+02 1
6.5142e+02 3.2934e+02 1
6.4613e+02 3.2986e+02 1
6.8367e+02 3.3053e+02 1
6.6644e+02 3.3164e+02 1
6.8248e+02 3.3186e+02 1
6.4078e+02 3.3314e+02 1
6.4995e+02 3.3317e+02 1
6.6355e+02 3.3326e+02 1
6.2446e+02 3.3334e+02 1
6.4551e+02 3.3421e+02 1
6.3253e+02 3.3494e+02 1
6.3996e+02 3.3524e+02 1
6.7042e+02 3.3661e+02 1
6.4722e+02 3.4011e+02 1
6.8594e+02 3.4039e+02 1
6.2078e+02 3.4134e+02 1
6.1894e+02 3.4141e+02 1
6.7999e+02 3.4155e+02 1
6.2732e+02 3.4160e+02 1
6.3942e+02 3.4204e+02 1
6.2293e+02 3.4246e+02 1
6.6206e+02 3.4253e+02 1
6.7648e+02 3.4275e+02 1
6.4237e+02 3.4506e+02 1
6.3962e+02 3.4561e+02 1
6.3004e+02 3.4657e+02 1
6.4670e+02 3.4668e+02 1
6.2521e+02 3.4677e+02 1
6.5077e+02 3.4728e+02 1
6.7206e+02 3.4755e+02 1
6.2926e+02 3.4777e+02 1
6.5475e+02 3.4788e+02 1
6.5663e+02 3.4850e+02 1
6.6013e+02 3.4867e+02 1
6.6798e+02 3.4942e+02 1
6.4274e+02 3.4995e+02 1
6.5202e+02 3.4999e+02 1
6.7129e+02 3.5052e+02 1
6.3779e+02 3.5090e+02 1
6.4956e+02 3.5103e+02 1
6.5452e+02 3.5240e+02 1
6.5984e+02 3.5326e+02 1
6.4897e+02 3.5605e+02 1
6.6979e+02 3.5740e+02 1
6.6537e+02 3.5993e+02 1
6.2486e+02 3.6042e+02 1
6.6242e+02 3.6072e+02 1
6.2676e+02 3.6381e+02 1
6.6714e+02 3.6403e+02 1
6.3761e+02 3.6450e+02 1
6.4876e+02 3.6482e+02 1
6.3858e+02 3.6565e+02 1
6.6625e+02 3.6674e+02 1
6.5347e+02 3.7073e+02 1
6.5043e+02 3.7157e+02 1
6.6143e+02 3.7228e+02 1
1.5388e+02 3.0806e+02 2
1.7829e+02 3.0820e+02 2
1.6684e+02 3.0849e+02 2
1.5341e+02 3.0912e+02 2
1.5364e+02 3.0987e+02 2
1.4866e+02 3.1090e+02 2
1.7083e+02 3.1178e+02 2
1.8200e+02 3.1228e+02 2
1.5153e+02 3.1521e+02 2
1.5823e+02 3.1694e+02 2
1.5690e+02 3.1877e+02 2
1.3150e+02 3.1899e+02 2
1.7183e+02 3.1996e+02 2
1.8838e+02 3.2123e+02 2
1.7509e+02 3.2190e+02 2
1.4933e+02 3.2210e+02 2
1.3240e+02 3.2274e+02 2
1.5045e+02 3.2289e+02 2
1.7276e+02 3.2458e+02 2
1.7886e+02 3.2468e+02 2
1.2990e+02 3.2611e+02 2
1.4085e+02 3.2758e+02 2
1.6717e+02 3.2826e+02 2
1.6392e+02 3.2834e+02 2
1.4590e+02 3.2856e+02 2
1.8049e+02 3.2862e+02 2
1.2582e+02 3.2868e+02 2
1.5494e+02 3.2942e+02 2
1.8803e+02 3.3001e+02 2
1.7468e+02 3.3032e+02 2
1.6244e+02 3.3040e+02 2
1.2848e+02 3.3047e+02 2
1.5603e+02 3.3069e+02 2
1.8715e+02 3.3123e+02 2
1.6809e+02 3.3183e+02 2
1.2911e+02 3.3202e+02 2
1.2960e+02 3.3361e+02 2
1.5871e+02 3.3434e+02 2
1.6977e+02 3.3466e+02 2
1.9152e+02 3.3498e+02 2
1.3387e+02 3.3502e+02 2
1.6097e+02 3.3547e+02 2
1.8567e+02 3.3560e+02 2
2.0047e+02 3.3564e+02 2
1.6432e+02 3.3597e+02 2
1.4249e+02 3.3665e+02 2
1.9798e+02 3.3776e+02 2
1.9274e+02 3.3802e+02 2
1.2322e+02 3.3879e+02 2
1.3206e+02 3.3883e+02 2
1.8449e+02 3.3921e+02 2
1.6272e+02 3.3992e+02 2
1.3633e+02 3.4033e+02 2
1.6776e+02 3.4048e+02 2
1.8863e+02 3.4049e+02 2
1.6632e+02 3.4213e+02 2
1.5985e+02 3.4233e+02 2
1.9388e+02 3.4238e+02 2
1.5207e+02 3.4240e+02 2
1.9703e+02 3.4274e+02 2
1.3280e+02 3.4336e+02 2
1.7653e+02 3.4355e+02 2
1.7936e+02 3.4357e+02 2
1.7804e+02 3.4367e+02 2
1.5266e+02 3.4518e+02 2
1.6512e+02 3.4551e+02 2
1.6203e+02 3.4600e+02 2
1.2521e+02 3.4696e+02 2
1.7197e+02 3.4988e+02 2
1.9118e+02 3.4996e+02 2
1.6177e+02 3.5040e+02 2
1.6882e+02 3.5088e+02 2
1.2733e+02 3.5091e+02 2
1.8290e+02 3.5173e+02 2
1.8362e+02 3.5258e+02 2
1.7557e+02 3.5393e+02 2
1.5647e+02 3.5428e+02 2
1.5918e+02 3.5445e+02 2
1.8411e+02 3.5588e+02 2
1.4413e+02 3.5616e+02 2
1.6328e+02 3.5716e+02 2
1.7419e+02 3.5719e+02 2
1.8504e+02 3.5930e+02 2
1.4645e+02 3.5942e+02 2
1.4298e+02 3.6195e+02 2
1.3444e+02 3.6195e+02 2
1.9445e+02 3.6312e+02 2
1.4473e+02 3.6341e+02 2
1.7219e+02 3.6486e+02 2
1.4213e+02 3.6512e+02 2
1.8649e+02 3.6614e+02 2
1.6371e+02 3.6617e+02 2
1.5458e+02 3.6618e+02 2
1.4148e+02 3.6735e+02 2
1.3981e+02 3.6796e+02 2
1.4781e+02 3.6919e+02 2
1.3819e+02 3.6953e+02 2
1.5659e+02 3.7071e+02 2
1.3857e+02 3.7141e+02 2
1.7665e+02 3.7149e+02 2
1.5750e+02 3.7166e+02 2
1.8317e+02 3.7222e+02 2
1.7031e+02 3.7282e+02 2
1.8137e+02 3.7385e+02 2
1.5186e+02 3.7517e+02 2
1.6588e+02 3.7517e+02 2
1.7763e+02 3.7541e+02 2
1.5561e+02 3.7703e+02 2
1.5248e+02 3.7729e+02 2
1.5536e+02 3.7793e+02 2
1.7973e+02 3.7836e+02 2
1.4737e+02 3.7911e+02 2
1.6291e+02 3.8057e+02 2
3.3772e+02 3.0569e+02 3
3.3862e+02 3.0611e+02 3
3.2930e+02 3.0703e+02 3
3.2276e+02 3.0704e+02 3
3.4299e+02 3.1067e+02 3
3.5189e+02 3.1160e+02 3
3.3354e+02 3.1189e+02 3
3.3387e+02 3.1293e+02 3
3.1988e+02 3.1359e+02 3
3.3515e+02 3.1489e+02 3
3.2118e+02 3.1566e+02 3
3.2511e+02 3.1606e+02 3
3.2844e+02 3.1680e+02 3
3.5625e+02 3.2011e+02 3
3.5774e+02 3.2105e+02 3
3.4153e+02 3.2130e+02 3
3.0912e+02 3.2199e+02 3
3.6737e+02 3.2219e+02 3
3.1431e+02 3.2243e+02 3
3.2471e+02 3.2271e+02 3
3.1567e+02 3.2319e+02 3
3.5075e+02 3.2382e+02 3
3.6621e+02 3.2455e+02 3
3.6988e+02 3.2510e+02 3
3.4519e+02 3.2696e+02 3
3.2317e+02 3.2854e+02 3
3.5215e+02 3.2886e+02 3
3.5340e+02 3.2917e+02 3
3.1929e+02 3.2955e+02 3
3.3204e+02 3.2957e+02 3
3.3459e+02 3.2957e+02 3
3.5573e+02 3.2974e+02 3
3.6451e+02 3.3046e+02 3
3.7602e+02 3.3062e+02 3
3.7156e+02 3.3140e+02 3
3.4566e+02 3.3312e+02 3
3.4226e+02 3.3375e+02 3
3.2054e+02 3.3402e+02 3
3.7021e+02 3.3487e+02 3
3.7198e+02 3.3502e+02 3
3.3672e+02 3.3524e+02 3
3.5963e+02 3.3623e+02 3
3.3069e+02 3.3687e+02 3
3.0377e+02 3.3746e+02 3
3.4449e+02 3.3830e+02 3
3.2399e+02 3.3885e+02 3
3.4340e+02 3.3906e+02 3
3.3499e+02 3.3957e+02 3
3.1834e+02 3.4053e+02 3
3.1168e+02 3.4069e+02 3
3.0733e+02 3.4070e+02 3
3.7310e+02 3.4076e+02 3
3.5467e+02 3.4140e+02 3
3.6819e+02 3.4188e+02 3
3.4246e+02 3.4219e+02 3
2.9510e+02 3.4232e+02 3
3.4938e+02 3.4259e+02 3
3.3105e+02 3.4318e+02 3
3.0479e+02 3.4322e+02 3
3.0604e+02 3.4425e+02 3
3.7117e+02 3.4510e+02 3
3.0012e+02 3.4511e+02 3
3.5702e+02 3.4513e+02 3
3.1841e+02 3.4520e+02 3
3.1051e+02 3.4528e+02 3
3.1217e+02 3.4593e+02 3
3.3819e+02 3.4867e+02 3
3.1298e+02 3.4958e+02 3
3.6179e+02 3.4999e+02 3
3.2864e+02 3.5004e+02 3
3.0175e+02 3.5055e+02 3
3.3608e+02 3.5088e+02 3
3.4012e+02 3.5119e+02 3
3.4913e+02 3.5145e+02 3
3.6116e+02 3.5263e+02 3
3.1654e+02 3.5364e+02 3
3.2732e+02 3.5369e+02 3
3.1602e+02 3.5483e+02 3
3.6883e+02 3.5485e+02 3
3.6276e+02 3.5491e+02 3
3.3888e+02 3.5801e+02 3
3.2685e+02 3.5851e+02 3
3.6550e+02 3.5916e+02 3
3.4181e+02 3.6175e+02 3
3.0997e+02 3.6184e+02 3
3.3713e+02 3.6206e+02 3
3.3076e+02 3.6365e+02 3
3.0868e+02 3.6461e+02 3
3.0447e+02 3.6501e+02 3
3.0939e+02 3.6509e+02 3
3.1483e+02 3.6540e+02 3
3.0810e+02 3.6637e+02 3
3.4604e+02 3.6665e+02 3
3.3970e+02 3.6793e+02 3
3.1788e+02 3.6854e+02 3
3.4026e+02 3.6925e+02 3
3.4333e+02 3.6999e+02 3
3.4762e+02 3.7037e+02 3
3.1505e+02 3.7245e+02 3
3.5149e+02 3.7281e+02 3
3.2170e+02 3.7298e+02 3
3.2758e+02 3.7354e+02 3
3.1386e+02 3.7477e+02 3
3.5855e+02 3.7604e+02 3
3.4529e+02 3.7627e+02 3
3.2217e+02 3.7674e+02 3
3.3136e+02 3.7757e+02 3
3.4963e+02 3.8086e+02 3
3.2606e+02 3.8124e+02 3
3.2147e+02 3.8312e+02 3
4.6574e+02 4.0127e+01 4
4.8246e+02 4.1754e+01 4
4.7701e+02 4.3279e+01 4
4.7660e+02 4.5718e+01 4
4.8899e+02 4.6419e+01 4
4.9039e+02 4.6649e+01 4
4.5999e+02 4.8062e+01 4
4.5167e+02 4.8477e+01 4
4.4760e+02 5.1804e+01 4
4.5612e+02 5.2193e+01 4
4.4740e+02 5.2680e+01 4
4.8969e+02 5.3469e+01 4
4.8932e+02 5.3989e+01 4
4.7474e+02 5.4167e+01 4
4.6828e+02 5.4237e+01 4
4.8732e+02 5.4287e+01 4
4.7858e+02 5.4568e+01 4
5.1759e+02 5.5822e+01 4
4.9010e+02 5.6147e+01 4
5.1631e+02 5.6174e+01 4
4.5382e+02 5.6455e+01 4
4.6464e+02 5.7017e+01 4
4.4534e+02 5.7294e+01 4
5.0747e+02 5.7687e+01 4
4.8050e+02 5.9468e+01 4
4.5431e+02 5.9578e+01 4
4.4699e+02 6.0668e+01 4
5.2050e+02 6.0697e+01 4
4.5722e+02 6.1058e+01 4
5.0155e+02 6.1489e+01 4
5.0843e+02 6.1924e+01 4
4.4712e+02 6.2044e+01 4
4.4217e+02 6.2166e+01 4
4.9897e+02 6.2522e+01 4
4.6397e+02 6.2675e+01 4
5.1973e+02 6.4114e+01 4
4.6781e+02 6.4479e+01 4
5.0991e+02 6.4625e+01 4
5.1512e+02 6.6087e+01 4
4.8522e+02 6.7012e+01 4
4.5284e+02 6.7247e+01 4
5.0267e+02 6.7575e+01 4
5.2347e+02 6.7773e+01 4
4.8819e+02 6.7923e+01 4
5.0480e+02 6.8302e+01 4
4.6657e+02 6.8819e+01 4
4.6160e+02 6.9350e+01 4
4.7367e+02 6.9556e+01 4
4.3104e+02 6.9589e+01 4
4.5645e+02 7.0104e+01 4
4.5064e+02 7.0156e+01 4
5.0067e+02 7.0160e+01 4
4.9498e+02 7.0178e+01 4
5.1241e+02 7.1274e+01 4
4.6157e+02 7.2370e+01 4
5.0440e+02 7.3147e+01 4
4.4919e+02 7.3234e+01 4
5.2405e+02 7.3320e+01 4
4.4400e+02 7.3804e+01 4
5.0345e+02 7.3822e+01 4
4.9033e+02 7.4669e+01 4
4.4419e+02 7.4773e+01 4
4.4304e+02 7.5007e+01 4
4.7608e+02 7.5411e+01 4
4.4357e+02 7.5477e+01 4
5.1621e+02 7.7533e+01 4
4.8465e+02 7.8147e+01 4
4.5533e+02 7.8197e+01 4
4.5931e+02 7.8720e+01 4
4.9557e+02 7.8745e+01 4
4.2596e+02 7.8906e+01 4
5.2674e+02 8.0445e+01 4
5.2860e+02 8.0789e+01 4
4.9370e+02 8.1478e+01 4
4.7022e+02 8.2183e+01 4
4.7117e+02 8.2281e+01 4
4.7729e+02 8.2318e+01 4
5.3604e+02 8.2472e+01 4
5.2999e+02 8.2646e+01 4
4.4162e+02 8.2712e+01 4
4.8225e+02 8.2785e+01 4
4.8847e+02 8.3054e+01 4
4.7406e+02 8.3219e+01 4
5.3194e+02 8.3234e+01 4
5.1317e+02 8.4628e+01 4
4.9447e+02 8.4637e+01 4
5.3523e+02 8.5103e+01 4
5.2909e+02 8.5565e+01 4
4.5632e+02 8.5624e+01 4
5.1837e+02 8.5695e+01 4
5.1172e+02 8.5906e+01 4
4.9217e+02 8.6233e+01 4
4.4895e+02 8.6545e+01 4
4.3250e+02 8.7168e+01 4
5.2519e+02 8.7662e+01 4
4.9705e+02 8.8247e+01 4
5.2593e+02 8.8422e+01 4
4.3722e+02 8.9016e+01 4
4.2985e+02 8.9107e+01 4
5.2196e+02 8.9828e+01 4
5.1727e+02 9.0571e+01 4
5.3761e+02 9.1828e+01 4
4.3635e+02 9.1968e+01 4
5.0612e+02 9.2784e+01 4
5.2751e+02 9.3643e+01 4
4.2429e+02 9.7509e+01 4
4.4190e+02 9.7950e+01 4
4.3616e+02 9.9510e+01 4
4.3423e+02 1.0090e+02 4
4.4457e+02 1.0157e+02 4
4.2886e+02 1.0899e+02 4
4.3875e+02 1.1045e+02 4
4.2919e+02 1.1241e+02 4
4.3700e+02 1.1259e+02 4
4.3880e+02 1.1573e+02 4
4.2160e+02 1.1772e+02 4
4.3912e+02 1.1969e+02 4
4.3764e+02 1.2025e+02 4
4.4517e+02 1.2104e+02 4
4.2317e+02 1.2360e+02 4
4.2671e+02 1.2592e+02 4
4.2867e+02 1.2680e+02 4
4.1913e+02 1.2720e+02 4
4.3542e+02 1.2792e+02 4
4.4582e+02 1.3062e+02 4
4.4106e+02 1.3179e+02 4
4.4975e+02 1.3216e+02 4
4.3679e+02 1.3252e+02 4
4.2311e+02 1.3368e+02 4
4.3933e+02 1.3391e+02 4
4.2369e+02 1.3456e+02 4
4.2074e+02 1.3484e+02 4
4.3338e+02 1.3597e+02 4
4.2785e+02 1.3938e+02 4
4.5569e+02 1.3993e+02 4
4.3373e+02 1.4054e+02 4
4.2754e+02 1.4084e+02 4
4.4013e+02 1.4285e+02 4
4.2218e+02 1.4379e+02 4
4.3279e+02 1.4380e+02 4
4.2576e+02 1.4437e+02 4
4.6942e+02 1.4446e+02 4
4.3555e+02 1.4540e+02 4
4.3142e+02 1.4575e+02 4
4.5122e+02 1.4578e+02 4
4.4041e+02 1.4654e+02 4
4.3121e+02 1.4704e+02 4
4.4054e+02 1.4744e+02 4
4.2948e+02 1.4766e+02 4
4.5774e+02 1.4795e+02 4
4.6220e+02 1.4875e+02 4
4.5878e+02 1.4879e+02 4
4.3510e+02 1.5056e+02 4
4.8160e+02 1.5075e+02 4
4.7074e+02 1.5103e+02 4
4.7554e+02 1.5138e+02 4
4.8640e+02 1.5243e+02 4
4.7922e+02 1.5334e+02 4
4.4274e+02 1.5370e+02 4
4.6857e+02 1.5466e+02 4
4.8720e+02 1.5505e+02 4
4.9150e+02 1.5506e+02 4
4.6904e+02 1.5581e+02 4
4.9255e+02 1.5694e+02 4
4.9333e+02 1.5703e+02 4
4.5026e+02 1.5757e+02 4
4.3044e+02 1.5787e+02 4
4.8697e+02 1.5869e+02 4
4.3169e+02 1.6168e+02 4
4.7506e+02 1.6205e+02 4
5.0550e+02 1.6245e+02 4
4.5336e+02 1.6268e+02 4
4.8540e+02 1.6272e+02 4
4.5002e+02 1.6298e+02 4
4.6724e+02 1.6301e+02 4
4.4499e+02 1.6352e+02 4
4.4661e+02 1.6387e+02 4
5.0402e+02 1.6445e+02 4
4.8332e+02 1.6496e+02 4
4.6040e+02 1.6501e+02 4
4.5461e+02 1.6549e+02 4
4.4860e+02 1.6601e+02 4
4.9084e+02 1.6619e+02 4
4.7438e+02 1.6621e+02 4
4.5245e+02 1.6681e+02 4
4.4829e+02 1.6818e+02 4
4.8591e+02 1.6830e+02 4
4.6068e+02 1.6855e+02 4
4.7304e+02 1.6930e+02 4
4.6354e+02 1.6977e+02 4
4.4125e+02 1.6982e+02 4
4.7812e+02 1.7015e+02 4
4.7229e+02 1.7026e+02 4
4.5674e+02 1.7056e+02 4
5.0650e+02 1.7139e+02 4
4.5845e+02 1.7172e+02 4
4.8095e+02 1.7210e+02 4
4.7172e+02 1.7245e+02 4
4.6237e+02 1.7269e+02 4
4.6270e+02 1.7617e+02 4
4.9936e+02 1.7708e+02 4
4.9773e+02 1.7901e+02 4
4.7685e+02 1.7914e+02 4
4.8276e+02 1.8082e+02 4
4.9729e+02 1.1686e+02 5
5.0468e+02 1.1856e+02 5
5.0045e+02 1.1878e+02 5
5.1250e+02 1.1882e+02 5
5.1536e+02 1.1969e+02 5
5.0606e+02 1.1987e+02 5
5.5167e+02 1.1994e+02 5
5.1361e+02 1.2002e+02 5
5.4226e+02 1.2132e+02 5
5.0353e+02 1.2313e+02 5
5.3845e+02 1.2367e+02 5
5.0629e+02 1.2393e+02 5
5.3253e+02 1.2496e+02 5
5.3537e+02 1.2499e+02 5
5.3634e+02 1.2536e+02 5
5.4196e+02 1.2561e+02 5
5.0413e+02 1.2613e+02 5
4.9939e+02 1.2614e+02 5
4.9824e+02 1.2620e+02 5
5.1095e+02 1.2625e+02 5
5.2370e+02 1.2634e+02 5
4.9224e+02 1.2717e+02 5
5.3389e+02 1.2749e+02 5
5.1613e+02 1.2797e+02 5
4.9499e+02 1.2892e+02 5
5.5602e+02 1.2904e+02 5
5.3211e+02 1.3197e+02 5
5.3404e+02 1.3342e+02 5
5.0942e+02 1.3411e+02 5
5.3572e+02 1.3430e+02 5
5.1441e+02 1.3502e+02 5
4.9332e+02 1.3526e+02 5
5.2042e+02 1.3728e+02 5
5.2730e+02 1.3736e+02 5
5.2493e+02 1.3814e+02 5
5.2185e+02 1.3821e+02 5
5.5043e+02 1.4070e+02 5
5.1018e+02 1.4228e+02 5
5.4884e+02 1.4290e+02 5
5.1670e+02 1.4296e+02 5
5.2871e+02 1.4486e+02 5
5.7580e+02 1.4508e+02 5
5.2851e+02 1.4559e+02 5
5.2551e+02 1.4616e+02 5
5.4935e+02 1.4779e+02 5
5.2838e+02 1.4909e+02 5
5.7478e+02 1.4967e+02 5
5.6406e+02 1.5009e+02 5
5.6925e+02 1.5045e+02 5
5.8053e+02 1.5258e+02 5
5.5551e+02 1.5281e+02 5
5.4380e+02 1.5322e+02 5
5.2344e+02 1.5322e+02 5
5.7710e+02 1.5356e+02 5
5.5715e+02 1.5382e+02 5
5.4073e+02 1.5422e+02 5
5.6703e+02 1.5556e+02 5
5.3500e+02 1.5575e+02 5
5.5460e+02 1.5650e+02 5
5.5323e+02 1.5764e+02 5
5.6562e+02 1.5918e+02 5
5.5267e+02 1.6049e+02 5
5.5134e+02 1.6138e+02 5
5.5223e+02 1.6154e+02 5
5.6539e+02 1.6242e+02 5
5.5187e+02 1.6396e+02 5
5.6142e+02 1.6607e+02 5
5.4979e+02 1.6615e+02 5
5.6398e+02 1.6647e+02 5
5.5780e+02 1.6745e+02 5
5.5905e+02 1.6866e+02 5
5.5049e+02 1.6934e+02 5
5.6357e+02 1.7101e+02 5
5.6589e+02 1.7482e+02 5
5.7855e+02 1.7618e+02 5
5.5849e+02 1.7697e+02 5
5.5808e+02 1.8312e+02 5
5.7234e+02 1.8379e+02 5
5.4874e+02 1.8514e+02 5
5.7200e+02 1.8525e+02 5
5.7129e+02 1.8659e+02 5
5.6831e+02 1.8923e+02 5
5.5413e+02 1.8946e+02 5
5.6875e+02 1.9052e+02 5
5.7423e+02 1.9190e+02 5
5.6018e+02 1.9229e+02 5
5.5486e+02 1.9448e+02 5
5.4579e+02 1.9829e+02 5
5.7334e+02 1.9937e+02 5
5.6063e+02 2.0134e+02 5
4.8448e+02 2.0181e+02 5
5.4440e+02 2.0204e+02 5
5.4615e+02 2.0270e+02 5
5.4452e+02 2.0325e+02 5
5.5755e+02 2.0325e+02 5
4.9609e+02 2.0478e+02 5
5.4551e+02 2.0506e+02 5
5.5208e+02 2.0523e+02 5
5.5643e+02 2.0559e+02 5
4.8022e+02 2.0637e+02 5
5.5434e+02 2.0642e+02 5
5.6962e+02 2.0682e+02 5
5.4994e+02 2.0756e+02 5
4.7679e+02 2.0799e+02 5
5.4055e+02 2.0851e+02 5
5.7060e+02 2.0891e+02 5
5.0117e+02 2.0905e+02 5
4.7100e+02 2.0915e+02 5
5.5366e+02 2.0916e+02 5
4.8471e+02 2.0950e+02 5
4.7465e+02 2.0955e+02 5
5.7002e+02 2.0990e+02 5
4.9761e+02 2.1197e+02 5
5.3719e+02 2.1198e+02 5
4.7616e+02 2.1308e+02 5
5.2915e+02 2.1337e+02 5
5.3033e+02 2.1372e+02 5
5.6098e+02 2.1408e+02 5
5.6235e+02 2.1413e+02 5
5.6438e+02 2.1427e+02 5
4.8701e+02 2.1447e+02 5
4.8771e+02 2.1487e+02 5
4.5840e+02 2.1496e+02 5
5.2008e+02 2.1548e+02 5
5.4735e+02 2.1615e+02 5
5.1464e+02 2.1694e+02 5
5.6892e+02 2.1777e+02 5
5.3799e+02 2.1792e+02 5
4.6689e+02 2.1848e+02 5
5.3331e+02 2.1895e+02 5
4.6419e+02 2.1897e+02 5
5.4795e+02 2.1899e+02 5
5.4333e+02 2.1939e+02 5
4.7507e+02 2.2020e+02 5
4.9627e+02 2.2020e+02 5
5.3762e+02 2.2107e+02 5
5.4808e+02 2.2170e+02 5
4.7944e+02 2.2189e+02 5
5.2641e+02 2.2198e+02 5
4.6918e+02 2.2212e+02 5
4.9311e+02 2.2259e+02 5
5.0488e+02 2.2325e+02 5
4.7242e+02 2.2337e+02 5
5.0817e+02 2.2435e+02 5
5.0168e+02 2.2460e+02 5
4.9858e+02 2.2476e+02 5
4.9116e+02 2.2574e+02 5
5.5866e+02 2.2610e+02 5
5.1874e+02 2.2611e+02 5
4.8569e+02 2.2643e+02 5
5.0580e+02 2.2720e+02 5
5.1755e+02 2.2727e+02 5
5.3285e+02 2.2769e+02 5
5.1120e+02 2.2915e+02 5
5.0533e+02 2.2927e+02 5
4.7753e+02 2.3032e+02 5
5.5949e+02 2.3051e+02 5
5.3424e+02 2.3118e+02 5
5.5592e+02 2.3133e+02 5
4.9652e+02 2.3165e+02 5
5.4504e+02 2.3307e+02 5
5.3970e+02 2.3351e+02 5
4.8432e+02 2.3380e+02 5
5.4690e+02 2.3383e+02 5
5.1796e+02 2.3485e+02 5
4.8492e+02 2.3571e+02 5
5.3106e+02 2.3572e+02 5
5.3005e+02 2.3584e+02 5
4.7319e+02 2.3590e+02 5
5.0343e+02 2.3626e+02 5
5.1841e+02 2.3654e+02 5
4.9059e+02 2.3716e+02 5
5.2808e+02 2.3799e+02 5
5.0660e+02 2.3950e+02 5
5.3087e+02 2.3997e+02 5
4.8975e+02 2.4240e+02 5
5.5107e+02 2.4255e+02 5
4.9583e+02 2.4259e+02 5
4.8231e+02 2.4342e+02 5
5.1989e+02 2.4402e+02 5
5.2434e+02 2.4501e+02 5
4.8501e+02 2.4582e+02 5
4.8909e+02 2.4634e+02 5
5.0258e+02 2.4666e+02 5
5.0754e+02 2.4741e+02 5
5.2818e+02 2.4766e+02 5
5.3883e+02 2.4808e+02 5
5.0892e+02 2.4881e+02 5
5.1299e+02 2.4885e+02 5
5.2307e+02 2.5080e+02 5
5.3459e+02 2.5217e+02 5
5.4010e+02 2.5226e+02 5
5.1929e+02 2.5274e+02 5
5.2225e+02 2.5370e+02 5
5.2084e+02 2.5426e+02 5
5.4140e+02 2.5456e+02 5
5.2459e+02 2.5497e+02 5
5.1734e+02 2.5576e+02 5
9.4842e+01 1.3520e+02 6
1.0932e+02 1.3809e+02 6
7.1813e+01 1.3821e+02 6
3.2084e+02 1.3823e+02 6
6.1427e+01 1.3846e+02 6
1.4207e+02 1.3873e+02 6
5.0861e+01 1.3889e+02 6
1.4084e+02 1.3915e+02 6
1.9483e+02 1.3921e+02 6
2.0361e+02 1.3933e+02 6
4.9890e+01 1.3935e+02 6
1.6827e+02 1.3970e+02 6
2.0070e+02 1.3985e+02 6
9.0066e+01 1.3988e+02 6
1.8852e+02 1.3994e+02 6
1.2512e+02 1.3999e+02 6
3.7458e+01 1.4005e+02 6
2.4958e+02 1.4017e+02 6
2.5834e+02 1.4026e+02 6
5.3696e+01 1.4033e+02 6
3.0648e+02 1.4040e+02 6
4.7454e+01 1.4040e+02 6
2.3052e+02 1.4051e+02 6
2.0142e+02 1.4070e+02 6
3.0420e+02 1.4075e+02 6
2.4604e+02 1.4081e+02 6
2.1962e+02 1.4088e+02 6
2.2511e+02 1.4091e+02 6
9.5795e+01 1.4115e+02 6
6.7960e+01 1.4134e+02 6
2.9666e+02 1.4143e+02 6
2.7029e+02 1.4145e+02 6
3.2636e+02 1.4165e+02 6
6.2999e+01 1.4188e+02 6
1.7260e+02 1.4188e+02 6
3.1550e+02 1.4200e+02 6
3.1676e+02 1.4256e+02 6
2.1606e+02 1.4269e+02 6
3.2893e+02 1.4284e+02 6
3.2099e+01 1.4303e+02 6
2.2764e+02 1.4322e+02 6
1.2669e+02 1.4408e+02 6
2.3814e+02 1.4410e+02 6
7.0308e+01 1.4413e+02 6
2.4625e+02 1.4422e+02 6
1.0702e+02 1.4426e+02 6
3.1256e+02 1.4443e+02 6
7.5993e+01 1.4449e+02 6
1.8924e+02 1.4459e+02 6
2.1913e+02 1.4470e+02 6
9.7647e+01 1.4472e+02 6
1.4646e+02 1.4484e+02 6
1.9041e+02 1.4484e+02 6
5.7351e+01 1.4496e+02 6
2.6827e+02 1.4497e+02 6
1.3351e+02 1.4552e+02 6
3.0789e+02 1.4559e+02 6
1.1580e+02 1.4586e+02 6
1.7484e+02 1.4605e+02 6
1.5935e+02 1.4643e+02 6
3.0109e+02 1.4656e+02 6
5.8445e+01 1.4664e+02 6
3.3106e+02 1.4671e+02 6
2.3957e+02 1.4680e+02 6
1.0994e+02 1.4688e+02 6
2.8944e+02 1.4691e+02 6
3.0408e+02 1.4692e+02 6
2.5755e+02 1.4693e+02 6
2.7887e+01 1.4694e+02 6
1.5710e+02 1.4709e+02 6
2.6293e+02 1.4719e+02 6
2.1751e+02 1.4720e+02 6
2.9257e+02 1.4724e+02 6
2.5931e+02 1.4733e+02 6
6.3973e+01 1.4739e+02 6
1.9375e+02 1.4743e+02 6
2.9417e+02 1.4760e+02 6
1.4892e+02 1.4779e+02 6
4.0381e+01 1.4807e+02 6
6.0351e+01 1.4818e+02 6
2.2822e+02 1.4827e+02 6
2.0783e+02 1.4834e+02 6
2.9823e+02 1.4854e+02 6
2.4566e+02 1.4856e+02 6
1.8129e+02 1.4863e+02 6
1.9653e+02 1.4865e+02 6
2.5630e+02 1.4866e+02 6
5.6551e+01 1.4881e+02 6
2.2558e+02 1.4884e+02 6
2.8154e+02 1.4893e+02 6
1.1027e+02 1.4895e+02 6
1.2166e+02 1.4897e+02 6
2.3611e+02 1.4920e+02 6
1.6189e+02 1.4920e+02 6
2.6168e+02 1.4947e+02 6
2.2304e+02 1.4948e+02 6
1.7622e+02 1.4993e+02 6
2.2172e+01 1.5005e+02 6
1.5689e+02 1.5013e+02 6
2.5400e+02 1.5045e+02 6
3.9912e+01 1.5051e+02 6
5.9900e+01 1.5054e+02 6
1.8084e+02 1.5083e+02 6
2.7732e+02 1.5091e+02 6
2.3239e+02 1.5107e+02 6
2.0509e+02 1.5144e+02 6
9.0808e+01 1.5157e+02 6
1.5497e+02 1.5163e+02 6
1.9212e+02 1.5181e+02 6
9.9609e+01 1.5189e+02 6
1.1392e+02 1.5209e+02 6
2.4271e+01 1.5219e+02 6
3.3034e+02 1.5256e+02 6
1.4363e+02 1.5266e+02 6
2.4760e+02 1.5279e+02 6
9.3420e+01 1.5307e+02 6
7.2448e+01 1.5310e+02 6
1.4568e+02 1.5314e+02 6
1.5219e+02 1.5315e+02 6
2.8046e+02 1.5316e+02 6
6.6712e+01 1.5317e+02 6
7.6828e+01 1.5321e+02 6
2.7353e+02 1.5324e+02 6
1.2695e+02 1.5356e+02 6
2.5293e+02 1.5428e+02 6
1.1709e+02 1.5434e+02 6
2.1020e+02 1.5448e+02 6
1.9167e+02 1.5457e+02 6
2.5143e+02 1.5459e+02 6
2.0212e+02 1.5465e+02 6
1.9034e+01 1.5473e+02 6
1.6276e+02 1.5481e+02 6
2.8691e+02 1.5499e+02 6
8.9297e+01 1.5549e+02 6
1.2774e+02 1.5552e+02 6
8.3227e+01 1.5562e+02 6
1.2024e+02 1.5565e+02 6
7.9750e+01 1.5673e+02 6
1.7417e+02 1.5699e+02 6
2.1144e+02 1.5721e+02 6
1.6499e+02 1.5722e+02 6
1.8455e+02 1.5753e+02 6
9.5504e+01 1.5756e+02 6
1.6592e+02 1.5788e+02 6
2.4331e+02 1.5796e+02 6
2.7441e+02 1.5831e+02 6
1.4454e+02 1.5875e+02 6
8.4786e+01 1.5879e+02 6
7.3251e+01 1.5911e+02 6
2.7699e+02 1.5913e+02 6
1.4961e+02 1.5920e+02 6
1.7196e+02 1.5927e+02 6
3.3064e+02 1.5932e+02 6
2.4050e+02 1.5938e+02 6
2.5123e+02 1.5938e+02 6
1.7889e+02 1.5942e+02 6
1.7750e+02 1.5954e+02 6
2.6697e+02 1.5970e+02 6
1.0108e+02 1.5980e+02 6
2.0968e+02 1.5987e+02 6
1.8558e+02 1.5998e+02 6
1.6987e+02 1.6004e+02 6
2.2062e+02 1.6015e+02 6
2.7789e+02 1.6023e+02 6
2.3197e+01 1.6037e+02 6
8.6835e+01 1.6104e+02 6
1.7518e+02 1.6129e+02 6
3.2833e+02 1.6138e+02 6
2.8880e+02 1.6138e+02 6
6.6930e+01 1.6146e+02 6
2.9584e+02 1.6169e+02 6
6.5527e+01 1.6173e+02 6
2.7519e+02 1.6173e+02 6
7.4236e+01 1.6174e+02 6
2.1508e+02 1.6174e+02 6
1.4704e+02 1.6186e+02 6
3.1058e+02 1.6199e+02 6
8.7458e+01 1.6204e+02 6
2.9499e+02 1.6216e+02 6
3.1560e+01 1.6217e+02 6
2.9916e+02 1.6231e+02 6
1.6006e+02 1.6292e+02 6
8.3795e+01 1.6303e+02 6
1.9915e+01 1.6318e+02 6
2.7912e+02 1.6333e+02 6
2.0411e+01 1.6354e+02 6
2.6968e+02 1.6354e+02 6
3.0176e+01 1.6366e+02 6
2.4838e+02 1.6370e+02 6
2.2427e+02 1.6409e+02 6
1.1237e+02 1.6419e+02 6
1.0329e+02 1.6452e+02 6
1.0571e+02 1.6457e+02 6
5.5529e+01 1.6478e+02 6
3.0021e+02 1.6485e+02 6
1.8305e+02 1.6525e+02 6
3.6666e+01 1.6540e+02 6
4.1620e+01 1.6542e+02 6
1.6894e+02 1.6551e+02 6
3.1389e+02 1.6563e+02 6
3.1456e+02 1.6572e+02 6
2.7852e+02 1.6599e+02 6
3.9332e+01 1.6604e+02 6
1.0040e+02 1.6604e+02 6
7.7896e+01 1.6636e+02 6
1.0261e+02 1.6644e+02 6
3.0568e+02 1.6665e+02 6
2.7243e+02 1.6683e+02 6
3.1951e+02 1.6698e+02 6
1.3061e+02 1.6700e+02 6
1.6105e+02 1.6703e+02 6
2.1304e+02 1.6719e+02 6
1.2386e+02 1.6746e+02 6
2.8423e+02 1.6773e+02 6
8.5372e+01 1.6779e+02 6
1.6691e+02 1.6780e+02 6
1.1970e+02 1.6785e+02 6
2.3572e+02 1.6843e+02 6
1.3302e+02 1.6851e+02 6
2.4745e+01 1.6855e+02 6
2.5479e+02 1.6861e+02 6
1.8195e+02 1.6867e+02 6
1.9443e+02 1.6870e+02 6
1.0167e+02 1.6891e+02 6
1.0487e+02 1.6906e+02 6
1.7334e+02 1.6913e+02 6
6.8680e+01 1.6924e+02 6
1.1806e+02 1.6928e+02 6
7.7167e+01 1.6954e+02 6
2.6532e+01 1.6967e+02 6
2.5197e+02 1.7009e+02 6
3.2810e+01 1.7011e+02 6
2.3484e+02 1.7041e+02 6
9.6634e+01 1.7052e+02 6
3.2488e+02 1.7082e+02 6
6.6539e+01 1.7091e+02 6
2.7379e+02 1.7116e+02 6
8.2642e+01 1.7122e+02 6
2.6509e+02 1.7124e+02 6
2.3090e+02 1.7148e+02 6
1.0623e+02 1.7158e+02 6
1.3979e+02 1.7160e+02 6
2.1707e+02 1.7164e+02 6
1.1493e+02 1.7169e+02 6
1.0814e+02 1.7171e+02 6
1.1293e+02 1.7178e+02 6
1.9989e+02 1.7189e+02 6
1.8259e+02 1.7215e+02 6
6.9475e+01 1.7223e+02 6
3.0929e+02 1.7227e+02 6
3.0725e+02 1.7228e+02 6
4.6272e+01 1.7256e+02 6
1.9563e+02 1.7262e+02 6
2.3397e+02 1.7278e+02 6
1.5313e+02 1.7299e+02 6
2.8268e+02 1.7300e+02 6
1.8067e+01 1.7306e+02 6
2.8315e+02 1.7337e+02 6
1.7803e+02 1.7338e+02 6
5.8823e+01 1.7344e+02 6
3.0200e+02 1.7347e+02 6
1.3172e+02 1.7366e+02 6
3.8006e+01 1.7367e+02 6
1.8968e+02 1.7388e+02 6
8.0212e+01 1.7390e+02 6
2.8601e+02 1.7404e+02 6
1.8687e+02 1.7421e+02 6
3.2786e+02 1.7433e+02 6
2.9370e+02 1.7444e+02 6
2.0734e+02 1.7449e+02 6
3.2358e+02 1.7463e+02 6
1.0320e+02 1.7476e+02 6
2.4943e+01 1.7509e+02 6
3.8696e+01 1.7522e+02 6
1.7665e+02 1.7524e+02 6
1.8356e+02 1.7546e+02 6
1.0435e+02 1.7561e+02 6
1.3226e+02 1.7566e+02 6
6.7553e+01 1.7572e+02 6
1.8513e+02 1.7573e+02 6
1.9099e+02 1.7579e+02 6
1.5827e+02 1.7585e+02 6
2.5035e+02 1.7598e+02 6
7.3792e+01 1.7598e+02 6
1.1280e+02 1.7612e+02 6
1.3703e+02 1.7621e+02 6
2.4447e+02 1.7629e+02 6
1.6339e+02 1.7634e+02 6
3.5236e+01 1.7636e+02 6
3.0891e+02 1.7646e+02 6
1.4281e+02 1.7649e+02 6
1.4833e+02 1.7661e+02 6
3.2953e+02 1.7662e+02 6
8.8706e+01 1.7669e+02 6
2.6012e+02 1.7670e+02 6
1.1874e+02 1.7680e+02 6
1.7548e+02 1.7682e+02 6
2.5675e+02 1.7685e+02 6
4.2662e+01 1.7691e+02 6
2.8355e+01 1.7721e+02 6
6.5886e+01 1.7732e+02 6
5.5027e+01 1.7741e+02 6
1.5024e+02 1.7747e+02 6
2.1065e+02 1.7781e+02 6
1.6760e+02 1.7792e+02 6
1.0860e+02 1.7809e+02 6
3.2272e+02 1.7823e+02 6
1.7736e+02 1.7853e+02 6
3.3175e+02 1.7887e+02 6
7.2114e+01 1.7903e+02 6
2.7104e+01 1.7920e+02 6
2.3736e+02 1.7936e+02 6
1.7364e+02 1.7956e+02 6
1.3796e+02 1.7973e+02 6
6.4779e+01 1.8036e+02 6
2.0637e+02 1.8045e+02 6
3.0358e+02 1.8063e+02 6
2.1271e+02 1.8066e+02 6
3.1648e+02 1.8070e+02 6
2.4726e+02 1.8077e+02 6
4.5317e+01 1.8106e+02 6
3.2288e+02 1.8118e+02 6
2.4080e+02 1.8118e+02 6
2.1409e+01 1.8139e+02 6
4.4414e+01 1.8139e+02 6
1.9894e+02 1.8150e+02 6
3.2689e+02 1.8157e+02 6
5.2622e+01 1.8192e+02 6
3.0773e+01 1.8205e+02 6
3.1832e+02 1.8264e+02 6
9.4303e+01 1.8280e+02 6
2.9242e+01 1.8293e+02 6
3.2185e+02 1.8294e+02 6
1.9516e+02 1.8295e+02 6
3.3045e+01 1.8299e+02 6
1.3532e+02 1.8300e+02 6
1.5370e+02 1.8301e+02 6
2.0588e+02 1.8319e+02 6
4.4019e+01 1.8325e+02 6
3.3585e+01 1.8337e+02 6
2.8371e+02 1.8369e+02 6
3.6257e+01 1.8370e+02 6
2.7182e+02 1.8562e+02 6
2.3486e+02 2.4459e+02 7
2.8744e+02 2.4470e+02 7
2.1650e+02 2.4480e+02 7
2.6029e+02 2.4480e+02 7
2.0509e+02 2.4534e+02 7
2.7430e+02 2.4544e+02 7
2.9697e+02 2.4603e+02 7
2.4285e+02 2.4619e+02 7
2.1748e+02 2.4636e+02 7
2.1492e+02 2.4654e+02 7
2.6691e+02 2.4737e+02 7
2.9913e+02 2.4799e+02 7
2.8277e+02 2.4876e+02 7
1.9147e+02 2.4898e+02 7
2.5074e+02 2.4899e+02 7
2.9168e+02 2.4909e+02 7
2.2189e+02 2.4948e+02 7
2.2151e+02 2.4991e+02 7
1.6878e+02 2.5010e+02 7
3.5814e+02 2.5027e+02 7
2.4820e+02 2.5067e+02 7
2.1553e+02 2.5090e+02 7
3.7640e+02 2.5157e+02 7
2.5613e+02 2.5164e+02 7
1.4569e+02 2.5222e+02 7
1.6727e+02 2.5235e+02 7
3.7788e+02 2.5261e+02 7
3.3634e+02 2.5281e+02 7
2.3548e+02 2.5298e+02 7
2.7625e+02 2.5303e+02 7
3.2180e+02 2.5326e+02 7
1.6414e+02 2.5335e+02 7
2.7682e+02 2.5390e+02 7
1.8384e+02 2.5407e+02 7
1.4221e+02 2.5437e+02 7
1.5141e+02 2.5481e+02 7
1.6490e+02 2.5504e+02 7
3.2252e+02 2.5548e+02 7
1.7202e+02 2.5574e+02 7
3.2983e+02 2.5627e+02 7
2.1678e+02 2.5639e+02 7
2.3317e+02 2.5649e+02 7
3.4117e+02 2.5649e+02 7
1.9906e+02 2.5677e+02 7
1.7625e+02 2.5686e+02 7
2.4621e+02 2.5700e+02 7
3.0412e+02 2.5718e+02 7
2.6103e+02 2.5795e+02 7
1.6828e+02 2.5795e+02 7
2.4139e+02 2.5795e+02 7
2.3839e+02 2.5817e+02 7
1.6685e+02 2.5822e+02 7
2.6180e+02 2.5822e+02 7
3.2803e+02 2.5838e+02 7
2.6779e+02 2.5855e+02 7
2.1081e+02 2.5875e+02 7
3.3586e+02 2.5880e+02 7
2.4077e+02 2.5883e+02 7
2.6865e+02 2.5893e+02 7
1.3261e+02 2.5895e+02 7
1.3328e+02 2.5897e+02 7
1.9584e+02 2.5909e+02 7
1.2018e+02 2.5924e+02 7
1.9545e+02 2.5927e+02 7
1.9522e+02 2.5930e+02 7
2.8698e+02 2.5933e+02 7
3.7052e+02 2.5958e+02 7
2.4766e+02 2.5968e+02 7
3.4054e+02 2.5970e+02 7
2.2379e+02 2.5978e+02 7
2.5906e+02 2.5985e+02 7
3.5872e+02 2.5991e+02 7
2.9530e+02 2.6000e+02 7
1.8199e+02 2.6016e+02 7
3.0923e+02 2.6038e+02 7
2.8026e+02 2.6038e+02 7
1.4327e+02 2.6042e+02 7
3.6771e+02 2.6115e+02 7
2.5705e+02 2.6121e+02 7
3.5991e+02 2.6122e+02 7
3.3356e+02 2.6130e+02 7
3.0680e+02 2.6151e+02 7
3.6120e+02 2.6171e+02 7
3.5416e+02 2.6175e+02 7
1.2482e+02 2.6186e+02 7
3.4783e+02 2.6191e+02 7
3.6840e+02 2.6206e+02 7
2.8891e+02 2.6223e+02 7
2.7693e+02 2.6247e+02 7
2.3568e+02 2.6261e+02 7
1.5331e+02 2.6263e+02 7
1.5189e+02 2.6264e+02 7
2.6270e+02 2.6276e+02 7
2.5372e+02 2.6312e+02 7
3.6997e+02 2.6325e+02 7
1.3885e+02 2.6331e+02 7
2.0299e+02 2.6340e+02 7
2.5516e+02 2.6343e+02 7
1.7904e+02 2.6344e+02 7
2.2670e+02 2.6348e+02 7
2.6957e+02 2.6423e+02 7
1.7664e+02 2.6428e+02 7
1.8811e+02 2.6432e+02 7
1.1952e+02 2.6434e+02 7
1.3131e+02 2.6439e+02 7
1.0803e+02 2.6454e+02 7
3.4873e+02 2.6469e+02 7
2.0613e+02 2.6475e+02 7
2.6729e+02 2.6496e+02 7
2.4112e+02 2.6501e+02 7
3.1035e+02 2.6514e+02 7
2.5016e+02 2.6548e+02 7
3.6233e+02 2.6558e+02 7
3.5844e+02 2.6558e+02 7
2.8592e+02 2.6577e+02 7
1.5543e+02 2.6578e+02 7
1.4120e+02 2.6582e+02 7
2.1710e+02 2.6599e+02 7
2.6165e+02 2.6603e+02 7
1.8111e+02 2.6624e+02 7
1.0573e+02 2.6632e+02 7
1.1204e+02 2.6648e+02 7
3.9702e+02 2.6648e+02 7
3.2105e+02 2.6650e+02 7
1.5376e+02 2.6659e+02 7
1.7515e+02 2.6704e+02 7
2.3607e+02 2.6757e+02 7
3.6596e+02 2.6783e+02 7
3.5035e+02 2.6784e+02 7
3.1447e+02 2.6789e+02 7
3.8685e+02 2.6821e+02 7
1.6121e+02 2.6824e+02 7
4.0139e+02 2.6827e+02 7
3.4627e+02 2.6839e+02 7
3.4810e+02 2.6869e+02 7
2.7136e+02 2.6911e+02 7
2.9412e+02 2.6921e+02 7
1.8424e+02 2.6927e+02 7
2.3412e+02 2.6930e+02 7
3.4703e+02 2.6948e+02 7
1.6284e+02 2.6980e+02 7
2.2096e+02 2.6984e+02 7
3.6430e+02 2.7002e+02 7
3.3114e+02 2.7008e+02 7
1.1612e+02 2.7010e+02 7
1.1692e+02 2.7029e+02 7
2.2971e+02 2.7056e+02 7
2.2998e+02 2.7075e+02 7
2.3857e+02 2.7077e+02 7
2.7481e+02 2.7085e+02 7
1.8507e+02 2.7097e+02 7
2.8422e+02 2.7097e+02 7
3.5404e+02 2.7124e+02 7
2.0573e+02 2.7155e+02 7
3.2359e+02 2.7178e+02 7
3.4564e+02 2.7178e+02 7
1.8420e+02 2.7198e+02 7
3.2868e+02 2.7208e+02 7
3.1609e+02 2.7230e+02 7
1.8926e+02 2.7237e+02 7
3.8532e+02 2.7260e+02 7
3.4738e+02 2.7267e+02 7
1.0721e+02 2.7274e+02 7
1.5946e+02 2.7287e+02 7
3.6504e+02 2.7292e+02 7
2.3164e+02 2.7295e+02 7
2.9995e+02 2.7301e+02 7
4.1201e+02 2.7304e+02 7
3.3284e+02 2.7305e+02 7
1.1192e+02 2.7306e+02 7
1.4654e+02 2.7342e+02 7
3.0784e+02 2.7343e+02 7
3.7283e+02 2.7384e+02 7
1.9384e+02 2.7396e+02 7
3.9203e+02 2.7404e+02 7
2.2282e+02 2.7421e+02 7
1.4432e+02 2.7426e+02 7
2.4216e+02 2.7434e+02 7
3.0204e+02 2.7435e+02 7
3.6258e+02 2.7459e+02 7
2.3118e+02 2.7462e+02 7
2.7839e+02 2.7469e+02 7
2.3368e+02 2.7473e+02 7
1.0344e+02 2.7511e+02 7
1.8480e+02 2.7514e+02 7
3.9387e+02 2.7536e+02 7
4.0079e+02 2.7555e+02 7
2.2133e+02 2.7556e+02 7
2.9829e+02 2.7567e+02 7
3.7433e+02 2.7576e+02 7
1.4461e+02 2.7585e+02 7
3.3208e+02 2.7598e+02 7
2.6814e+02 2.7622e+02 7
3.2637e+02 2.7635e+02 7
2.9251e+02 2.7639e+02 7
2.9768e+02 2.7708e+02 7
1.1375e+02 2.7719e+02 7
1.4749e+02 2.7727e+02 7
3.3154e+02 2.7728e+02 7
3.7743e+02 2.7739e+02 7
2.3560e+02 2.7748e+02 7
2.4323e+02 2.7759e+02 7
2.3925e+02 2.7764e+02 7
2.9478e+02 2.7772e+02 7
3.0247e+02 2.7798e+02 7
2.8208e+02 2.7798e+02 7
1.9639e+02 2.7801e+02 7
1.7729e+02 2.7806e+02 7
3.4528e+02 2.7808e+02 7
1.0929e+02 2.7823e+02 7
3.5612e+02 2.7847e+02 7
3.5773e+02 2.7850e+02 7
4.2362e+02 2.7861e+02 7
1.3673e+02 2.7869e+02 7
7.8930e+01 2.7874e+02 7
4.3259e+02 2.7890e+02 7
2.5972e+02 2.7891e+02 7
2.8679e+02 2.7892e+02 7
3.2288e+02 2.7895e+02 7
2.1117e+02 2.7916e+02 7
1.7918e+02 2.7962e+02 7
2.6833e+02 2.7986e+02 7
1.7156e+02 2.8003e+02 7
1.3814e+02 2.8004e+02 7
2.0848e+02 2.8037e+02 7
1.8666e+02 2.8040e+02 7
1.6452e+02 2.8068e+02 7
5.9410e+01 2.8091e+02 7
3.4821e+02 2.8128e+02 7
2.7386e+02 2.8131e+02 7
2.3977e+02 2.8131e+02 7
2.2340e+02 2.8141e+02 7
1.4392e+02 2.8156e+02 7
1.9110e+02 2.8163e+02 7
2.9540e+02 2.8174e+02 7
4.2546e+02 2.8174e+02 7
1.3714e+02 2.8185e+02 7
1.8851e+02 2.8209e+02 7
1.5437e+02 2.8210e+02 7
3.6611e+02 2.8220e+02 7
2.4173e+02 2.8228e+02 7
2.0725e+02 2.8241e+02 7
3.4277e+02 2.8261e+02 7
1.0852e+02 2.8287e+02 7
1.3402e+02 2.8292e+02 7
7.3189e+01 2.8302e+02 7
3.1393e+02 2.8308e+02 7
9.4959e+01 2.8358e+02 7
1.9472e+02 2.8368e+02 7
1.9333e+02 2.8374e+02 7
1.9415e+02 2.8375e+02 7
6.6523e+01 2.8380e+02 7
1.7984e+02 2.8405e+02 7
8.7172e+01 2.8413e+02 7
4.0277e+02 2.8422e+02 7
9.5734e+01 2.8453e+02 7
3.2971e+02 2.8471e+02 7
4.2192e+02 2.8476e+02 7
6.6209e+01 2.8482e+02 7
1.4783e+02 2.8502e+02 7
3.5235e+02 2.8539e+02 7
4.1820e+02 2.8568e+02 7
4.1071e+02 2.8597e+02 7
4.0800e+02 2.8601e+02 7
9.7786e+01 2.8627e+02 7
1.0521e+02 2.8634e+02 7
1.4250e+02 2.8662e+02 7
3.9486e+02 2.8682e+02 7
3.9748e+02 2.8691e+02 7
4.0611e+02 2.8730e+02 7
3.6914e+02 2.8741e+02 7
1.2856e+02 2.8781e+02 7
3.9614e+02 2.8785e+02 7
3.1944e+02 2.8799e+02 7
1.5976e+02 2.8805e+02 7
3.4585e+02 2.8839e+02 7
1.2515e+02 2.8859e+02 7
6.1673e+01 2.8860e+02 7
7.8621e+01 2.8880e+02 7
1.3053e+02 2.8895e+02 7
1.3345e+02 2.8902e+02 7
5.2622e+01 2.8904e+02 7
3.8661e+02 2.8919e+02 7
3.7818e+02 2.8951e+02 7
4.3295e+02 2.8951e+02 7
1.1158e+02 2.8960e+02 7
1.2286e+02 2.8984e+02 7
9.6347e+01 2.8989e+02 7
4.0197e+02 2.9036e+02 7
1.4825e+02 2.9049e+02 7
3.9967e+02 2.9050e+02 7
3.5563e+02 2.9057e+02 7
3.7349e+02 2.9072e+02 7
1.5612e+02 2.9074e+02 7
4.0415e+02 2.9088e+02 7
4.3668e+01 2.9140e+02 7
3.5280e+02 2.9148e+02 7
6.2382e+01 2.9155e+02 7
3.6416e+02 2.9191e+02 7
1.0218e+02 2.9204e+02 7
1.0618e+02 2.9246e+02 7
4.2348e+02 2.9258e+02 7
4.3455e+02 2.9279e+02 7
1.0987e+02 2.9286e+02 7
4.1484e+02 2.9289e+02 7
4.1184e+02 2.9300e+02 7
4.1324e+02 2.9307e+02 7
5.7860e+01 2.9316e+02 7
1.0043e+02 2.9333e+02 7
6.0880e+01 2.9337e+02 7
7.2174e+01 2.9350e+02 7
4.3148e+02 2.9387e+02 7
3.9064e+02 2.9396e+02 7
3.7515e+02 2.9464e+02 7
4.5371e+02 2.9517e+02 7
9.2286e+01 2.9536e+02 7
4.5335e+02 2.9552e+02 7
4.0941e+02 2.9624e+02 7
1.1981e+02 2.9655e+02 7
1.0901e+02 2.9754e+02 7
3.8866e+02 2.9795e+02 7
4.4307e+02 2.9801e+02 7
3.8994e+02 2.9820e+02 7
5.8091e+01 2.9856e+02 7
3.4687e+01 2.9864e+02 7
5.0432e+01 2.9939e+02 7
3.7610e+02 2.9985e+02 7
4.3395e+01 3.0014e+02 7
8.1753e+01 3.0060e+02 7
4.0858e+02 3.0076e+02 7
3.9431e+02 3.0081e+02 7
3.9796e+02 3.0131e+02 7
8.4687e+01 3.0162e+02 7
2.2648e+01 3.0185e+02 7
3.8974e+02 3.0187e+02 7
3.0152e+01 3.0226e+02 7
7.1044e+01 3.0236e+02 7
9.5351e+01 3.0239e+02 7
8.9502e+01 3.0251e+02 7
6.9746e+01 3.0280e+02 7
4.1132e+02 3.0313e+02 7
4.0759e+02 3.0331e+02 7
3.6368e+01 3.0332e+02 7
4.6143e+02 3.0343e+02 7
4.3956e+02 3.0369e+02 7
4.1436e+02 3.0390e+02 7
4.7073e+01 3.0422e+02 7
6.3546e+01 3.0455e+02 7
4.4926e+01 3.0539e+02 7
5.1622e+01 3.0626e+02 7
4.3353e+02 3.0670e+02 7
5.7161e+01 3.0697e+02 7
4.3059e+02 3.0704e+02 7
4.0396e+02 3.0722e+02 7
5.8693e+01 3.0780e+02 7
8.6840e+01 3.0790e+02 7
4.0313e+02 3.0795e+02 7
5.4973e+01 3.0862e+02 7
5.2016e+01 3.0865e+02 7
6.2335e+01 3.0882e+02 7
4.0152e+02 3.0901e+02 7
3.8483e+01 3.0905e+02 7
4.2046e+02 3.0908e+02 7
4.5688e+02 3.0929e+02 7
4.5695e+02 3.0931e+02 7
5.1381e+01 3.0934e+02 7
4.5756e+02 3.0987e+02 7
4.3688e+02 3.1006e+02 7
2.1981e+01 3.1018e+02 7
2.1398e+01 3.1092e+02 7
3.5471e+01 3.1137e+02 7
4.3244e+02 3.1137e+02 7
2.1128e+01 3.1160e+02 7
4.2389e+02 3.1164e+02 7
4.3894e+02 3.1182e+02 7
6.4802e+01 3.1194e+02 7
4.4216e+02 3.1194e+02 7
4.5298e+02 3.1237e+02 7
7.9410e+01 3.1238e+02 7
4.4713e+02 3.1251e+02 7
1.9871e+01 3.1274e+02 7
4.4105e+02 3.1342e+02 7
5.0113e+01 3.1364e+02 7
4.5936e+02 3.1373e+02 7
5.8391e+01 3.1444e+02 7
4.1699e+02 3.1500e+02 7
4.4498e+02 3.1530e+02 7
4.2727e+02 3.1589e+02 7
2.5722e+01 3.1590e+02 7
3.6154e+01 3.1610e+02 7
2.8931e+01 3.1615e+02 7
4.4931e+02 3.1632e+02 7
1.8401e+01 3.1651e+02 7
4.1910e+02 3.1696e+02 7
3.9297e+01 3.1742e+02 7
4.6640e+02 3.1774e+02 7
4.2167e+02 3.1972e+02 7
4.3522e+02 3.2123e+02 7
5.4469e+01 3.2135e+02 7
4.7627e+02 3.2141e+02 7
4.2108e+02 3.2145e+02 7
5.4068e+01 3.2181e+02 7
3.7482e+01 3.2196e+02 7
6.1027e+01 3.2216e+02 7
4.7348e+01 3.2224e+02 7
4.3554e+02 3.2236e+02 7
5.2415e+01 3.2243e+02 7
4.2437e+02 3.2312e+02 7
2.8518e+01 3.2389e+02 7
4.0202e+01 3.2401e+02 7
4.3005e+02 3.2421e+02 7
4.7988e+01 3.2487e+02 7
3.4948e+01 3.2510e+02 7
3.3205e+01 3.2515e+02 7
4.5821e+02 3.2536e+02 7
2.5605e+01 3.2539e+02 7
4.5616e+02 3.2625e+02 7
4.6768e+02 3.2696e+02 7
4.7826e+01 3.2778e+02 7
4.3846e+02 3.2880e+02 7
4.2927e+02 3.2977e+02 7
4.7820e+02 3.2986e+02 7
3.7153e+01 3.3000e+02 7
2.3087e+01 3.3175e+02 7
4.6281e+02 3.3313e+02 7
4.5065e+02 3.3417e+02 7
7.7980e+00 3.3532e+02 7
1.9350e+01 3.3547e+02 7
4.6449e+02 3.3552e+02 7
1.2362e+01 3.3638e+02 7
4.3594e+02 3.3696e+02 7
4.7403e+02 3.3702e+02 7
2.6630e+01 3.3802e+02 7
4.3022e+01 3.3810e+02 7
4.8187e+02 3.3863e+02 7
8.7430e+00 3.3898e+02 7
4.1099e+01 3.3934e+02 7
4.7523e+02 3.3960e+02 7
1.8120e+01 3.3969e+02 7
1.6050e+01 3.4019e+02 7
4.4053e+02 3.4144e+02 7
4.5626e+01 3.4227e+02 7
4.6490e+02 3.4364e+02 7
4.6501e+02 3.4371e+02 7
2.4172e+01 3.4384e+02 7
1.3156e+01 3.4406e+02 7
1.6346e+01 3.4469e+02 7
4.6182e+02 3.4483e+02 7
4.4155e+02 3.4523e+02 7
4.9718e+01 3.4527e+02 7
1.0583e+01 3.4560e+02 7
4.3437e+02 3.4587e+02 7
4.1708e+01 3.4708e+02 7
4.3582e+02 3.4708e+02 7
4.3306e+02 3.4889e+02 7
4.7317e+02 3.4968e+02 7
2.9856e+01 3.5019e+02 7
3.5786e+01 3.5047e+02 7
4.5058e+02 3.5060e+02 7
4.3113e+02 3.5064e+02 7
3.2469e+01 3.5082e+02 7
4.4773e+02 3.5200e+02 7
4.6813e+01 3.5238e+02 7
4.4694e+02 3.5285e+02 7
4.5278e+02 3.5300e+02 7
4.4678e+02 3.5301e+02 7
4.6727e+02 3.5318e+02 7
4.7912e+02 3.5335e+02 7
5.5947e+01 3.5344e+02 7
1.4524e+01 3.5360e+02 7
4.0931e+01 3.5426e+02 7
2.4811e+01 3.5582e+02 7
4.2949e+02 3.5583e+02 7
4.4365e+02 3.5695e+02 7
3.6016e+01 3.5701e+02 7
4.4477e+02 3.5702e+02 7
4.7687e+02 3.5824e+02 7
1.8972e+01 3.5839e+02 7
4.4728e+02 3.5907e+02 7
4.4032e+02 3.5960e+02 7
4.4559e+02 3.5961e+02 7
2.7594e+01 3.6019e+02 7
4.2708e+02 3.6061e+02 7
4.6087e+02 3.6061e+02 7
6.2738e+01 3.6113e+02 7
4.4851e+02 3.6148e+02 7
4.7241e+02 3.6264e+02 7
3.0845e+01 3.6274e+02 7
4.4266e+02 3.6327e+02 7
1.1956e+01 3.6412e+02 7
4.7453e+02 3.6443e+02 7
4.7183e+02 3.6658e+02 7
4.2600e+02 3.6708e+02 7
4.5021e+02 3.6742e+02 7
4.6302e+02 3.6779e+02 7
4.2270e+02 3.6890e+02 7
3.9715e+01 3.6895e+02 7
4.5978e+02 3.6942e+02 7
6.3116e+01 3.6984e+02 7
4.6547e+02 3.6992e+02 7
4.6876e+02 3.7009e+02 7
7.5864e+01 3.7015e+02 7
4.2484e+02 3.7018e+02 7
5.6519e+01 3.7027e+02 7
1.7142e+01 3.7049e+02 7
4.4954e+02 3.7056e+02 7
5.3734e+01 3.7155e+02 7
4.5502e+02 3.7171e+02 7
4.5178e+02 3.7254e+02 7
4.6360e+02 3.7289e+02 7
4.7053e+02 3.7325e+02 7
5.3113e+01 3.7363e+02 7
7.5981e+01 3.7389e+02 7
2.6442e+01 3.7531e+02 7
4.4638e+02 3.7579e+02 7
4.2076e+02 3.7591e+02 7
4.0521e+02 3.7618e+02 7
4.4453e+02 3.7650e+02 7
4.9221e+01 3.7664e+02 7
4.5864e+02 3.7686e+02 7
4.4620e+02 3.7688e+02 7
7.2552e+01 3.7710e+02 7
2.7995e+01 3.7731e+02 7
3.7978e+01 3.7739e+02 7
6.8110e+01 3.7747e+02 7
4.4408e+02 3.7776e+02 7
4.3175e+02 3.7855e+02 7
4.3728e+02 3.7859e+02 7
4.5921e+01 3.7870e+02 7
4.3827e+02 3.7890e+02 7
4.3350e+02 3.7980e+02 7
4.5791e+02 3.7986e+02 7
8.5698e+01 3.8012e+02 7
7.0221e+01 3.8027e+02 7
9.1282e+01 3.8106e+02 7
8.1266e+01 3.8156e+02 7
3.9281e+02 3.8158e+02 7
3.9977e+02 3.8162e+02 7
3.9634e+02 3.8225e+02 7
5.5135e+01 3.8235e+02 7
5.9946e+01 3.8247e+02 7
3.9841e+02 3.8312e+02 7
4.8354e+01 3.8320e+02 7
9.8302e+01 3.8325e+02 7
9.8906e+01 3.8330e+02 7
9.4322e+01 3.8348e+02 7
4.4990e+02 3.8351e+02 7
4.2694e+02 3.8365e+02 7
3.2217e+01 3.8380e+02 7
7.1897e+01 3.8414e+02 7
3.5171e+01 3.8449e+02 7
4.3759e+02 3.8465e+02 7
4.1813e+02 3.8490e+02 7
4.3989e+02 3.8501e+02 7
6.6915e+01 3.8565e+02 7
4.3505e+02 3.8594e+02 7
4.5221e+02 3.8596e+02 7
3.9572e+02 3.8612e+02 7
7.4330e+01 3.8658e+02 7
6.5754e+01 3.8665e+02 7
7.4614e+01 3.8666e+02 7
3.8152e+02 3.8689e+02 7
3.8621e+02 3.8694e+02 7
3.8286e+02 3.8695e+02 7
2.9363e+01 3.8700e+02 7
3.3847e+01 3.8708e+02 7
1.0390e+02 3.8718e+02 7
7.7671e+01 3.8726e+02 7
4.2746e+02 3.8814e+02 7
9.2832e+01 3.8836e+02 7
1.0156e+02 3.8854e+02 7
3.8018e+02 3.8922e+02 7
5.2869e+01 3.8947e+02 7
4.3655e+02 3.8965e+02 7
3.9541e+02 3.9035e+02 7
4.3610e+02 3.9037e+02 7
3.6828e+02 3.9046e+02 7
6.7756e+01 3.9093e+02 7
4.3599e+02 3.9131e+02 7
4.3395e+02 3.9135e+02 7
4.3798e+02 3.9246e+02 7
6.7603e+01 3.9270e+02 7
4.3805e+01 3.9270e+02 7
3.8772e+02 3.9274e+02 7
7.5721e+01 3.9282e+02 7
9.1755e+01 3.9294e+02 7
8.4958e+01 3.9299e+02 7
3.5083e+02 3.9301e+02 7
4.1251e+02 3.9321e+02 7
4.4815e+02 3.9350e+02 7
9.4032e+01 3.9363e+02 7
4.2146e+02 3.9376e+02 7
3.9945e+02 3.9386e+02 7
8.5894e+01 3.9425e+02 7
7.6829e+01 3.9441e+02 7
4.2005e+02 3.9481e+02 7
3.1469e+01 3.9482e+02 7
4.8814e+01 3.9500e+02 7
8.8208e+01 3.9525e+02 7
3.7720e+02 3.9534e+02 7
9.9782e+01 3.9536e+02 7
1.1450e+02 3.9554e+02 7
1.3189e+02 3.9560e+02 7
4.2415e+02 3.9600e+02 7
4.2805e+02 3.9621e+02 7
6.4925e+01 3.9634e+02 7
3.8226e+02 3.9642e+02 7
4.0056e+02 3.9672e+02 7
3.3858e+02 3.9703e+02 7
4.2055e+02 3.9706e+02 7
1.1327e+02 3.9728e+02 7
1.1127e+02 3.9743e+02 7
3.6197e+02 3.9762e+02 7
3.8070e+02 3.9784e+02 7
1.1864e+02 3.9786e+02 7
6.5474e+01 3.9786e+02 7
1.4938e+02 3.9802e+02 7
3.5743e+02 3.9804e+02 7
8.3199e+01 3.9817e+02 7
3.5138e+02 3.9820e+02 7
3.8383e+02 3.9827e+02 7
4.0907e+02 3.9827e+02 7
1.1650e+02 3.9859e+02 7
4.1020e+02 3.9916e+02 7
1.1066e+02 3.9924e+02 7
3.1920e+02 3.9935e+02 7
3.7571e+02 3.9962e+02 7
1.1502e+02 3.9969e+02 7
7.9990e+01 3.9994e+02 7
6.0610e+01 3.9996e+02 7
1.1800e+02 4.0004e+02 7
1.6538e+02 4.0007e+02 7
6.4080e+01 4.0009e+02 7
1.1171e+02 4.0017e+02 7
4.0653e+02 4.0032e+02 7
1.5676e+02 4.0033e+02 7
6.4368e+01 4.0093e+02 7
3.8904e+02 4.0094e+02 7
3.2471e+02 4.0120e+02 7
5.3383e+01 4.0140e+02 7
3.8484e+02 4.0156e+02 7
1.7273e+02 4.0174e+02 7
1.5702e+02 4.0185e+02 7
3.4321e+02 4.0188e+02 7
3.8829e+02 4.0219e+02 7
1.3545e+02 4.0232e+02 7
4.0720e+02 4.0233e+02 7
7.8412e+01 4.0246e+02 7
2.9657e+02 4.0262e+02 7
1.1755e+02 4.0283e+02 7
2.7655e+02 4.0301e+02 7
1.1936e+02 4.0302e+02 7
4.2757e+02 4.0304e+02 7
2.3744e+02 4.0314e+02 7
1.7103e+02 4.0324e+02 7
9.4776e+01 4.0343e+02 7
4.0029e+02 4.0358e+02 7
3.6401e+02 4.0363e+02 7
2.1628e+02 4.0374e+02 7
6.9344e+01 4.0383e+02 7
3.9404e+02 4.0384e+02 7
2.2819e+02 4.0427e+02 7
1.2752e+02 4.0430e+02 7
2.9120e+02 4.0456e+02 7
3.9022e+02 4.0464e+02 7
1.8311e+02 4.0472e+02 7
2.6335e+02 4.0473e+02 7
3.0030e+02 4.0482e+02 7
1.2349e+02 4.0500e+02 7
3.3563e+02 4.0503e+02 7
3.4394e+02 4.0511e+02 7
9.2976e+01 4.0522e+02 7
3.0600e+02 4.0525e+02 7
3.9092e+02 4.0578e+02 7
3.0286e+02 4.0592e+02 7
8.7612e+01 4.0597e+02 7
3.0332e+02 4.0598e+02 7
1.6786e+02 4.0617e+02 7
1.2096e+02 4.0617e+02 7
3.0529e+02 4.0621e+02 7
2.7059e+02 4.0639e+02 7
1.6989e+02 4.0663e+02 7
1.2654e+02 4.0685e+02 7
1.5345e+02 4.0689e+02 7
1.9568e+02 4.0711e+02 7
8.9240e+01 4.0715e+02 7
3.0503e+02 4.0717e+02 7
6.3834e+01 4.0737e+02 7
3.0116e+02 4.0739e+02 7
3.0471e+02 4.0751e+02 7
4.0540e+02 4.0760e+02 7
2.0888e+02 4.0771e+02 7
2.3274e+02 4.0801e+02 7
2.7549e+02 4.0815e+02 7
2.8780e+02 4.0829e+02 7
3.1868e+02 4.0854e+02 7
2.2868e+02 4.0866e+02 7
1.3558e+02 4.0874e+02 7
1.9188e+02 4.0882e+02 7
2.5572e+02 4.0887e+02 7
7.3700e+01 4.0888e+02 7
8.2104e+01 4.0889e+02 7
1.3100e+02 4.0899e+02 7
2.0989e+02 4.0909e+02 7
2.2728e+02 4.0922e+02 7
7.0635e+01 4.0933e+02 7
2.6625e+02 4.0943e+02 7
1.3522e+02 4.0960e+02 7
1.6066e+02 4.0970e+02 7
3.2052e+02 4.0981e+02 7
9.0167e+01 4.1021e+02 7
2.1310e+02 4.1028e+02 7
1.3850e+02 4.1032e+02 7
2.8110e+02 4.1035e+02 7
2.8485e+02 4.1036e+02 7
2.2624e+02 4.1057e+02 7
1.0776e+02 4.1061e+02 7
1.7829e+02 4.1068e+02 7
2.0916e+02 4.1084e+02 7
1.5884e+02 4.1095e+02 7
3.5167e+02 4.1095e+02 7
3.6307e+02 4.1101e+02 7
4.1582e+02 4.1158e+02 7
2.2903e+02 4.1166e+02 7
3.3657e+02 4.1177e+02 7
2.8545e+02 4.1200e+02 7
2.6078e+02 4.1207e+02 7
3.2769e+02 4.1219e+02 7
3.4168e+02 4.1228e+02 7
2.5717e+02 4.1233e+02 7
1.0250e+02 4.1238e+02 7
3.8002e+02 4.1256e+02 7
2.7912e+02 4.1283e+02 7
1.5223e+02 4.1286e+02 7
4.0377e+02 4.1286e+02 7
2.5772e+02 4.1296e+02 7
3.6737e+02 4.1326e+02 7
2.8312e+02 4.1335e+02 7
1.6941e+02 4.1367e+02 7
1.9053e+02 4.1378e+02 7
1.9027e+02 4.1390e+02 7
2.7193e+02 4.1404e+02 7
9.5789e+01 4.1404e+02 7
1.9738e+02 4.1411e+02 7
1.0905e+02 4.1429e+02 7
3.8167e+02 4.1433e+02 7
3.1549e+02 4.1436e+02 7
1.9775e+02 4.1438e+02 7
2.2184e+02 4.1447e+02 7
2.5347e+02 4.1466e+02 7
1.3978e+02 4.1512e+02 7
1.2975e+02 4.1517e+02 7
3.8341e+02 4.1520e+02 7
1.9743e+02 4.1520e+02 7
2.6905e+02 4.1521e+02 7
1.2411e+02 4.1526e+02 7
8.0432e+01 4.1529e+02 7
1.9081e+02 4.1540e+02 7
2.2009e+02 4.1547e+02 7
2.3771e+02 4.1554e+02 7
2.6490e+02 4.1557e+02 7
4.0702e+02 4.1567e+02 7
2.9600e+02 4.1599e+02 7
9.7247e+01 4.1601e+02 7
3.1527e+02 4.1678e+02 7
1.5117e+02 4.1707e+02 7
1.1848e+02 4.1710e+02 7
1.8884e+02 4.1710e+02 7
2.8186e+02 4.1716e+02 7
1.9986e+02 4.1718e+02 7
2.9557e+02 4.1720e+02 7
2.0779e+02 4.1735e+02 7
1.8862e+02 4.1737e+02 7
3.5339e+02 4.1742e+02 7
2.5827e+02 4.1753e+02 7
1.0604e+02 4.1773e+02 7
3.0896e+02 4.1774e+02 7
2.1170e+02 4.1788e+02 7
1.7359e+02 4.1789e+02 7
1.0456e+02 4.1809e+02 7
3.3521e+02 4.1816e+02 7
1.1287e+02 4.1819e+02 7
3.5463e+02 4.1837e+02 7
1.2574e+02 4.1842e+02 7
2.3451e+02 4.1847e+02 7
3.1062e+02 4.1877e+02 7
3.8732e+02 4.1890e+02 7
3.2511e+02 4.1929e+02 7
3.8258e+02 4.1931e+02 7
2.7151e+02 4.1938e+02 7
2.1278e+02 4.1944e+02 7
3.7705e+02 4.1945e+02 7
1.4049e+02 4.1993e+02 7
2.1896e+02 4.2013e+02 7
3.1703e+02 4.2023e+02 7
2.5470e+02 4.2025e+02 7
3.0910e+02 4.2044e+02 7
1.7331e+02 4.2053e+02 7
9.2599e+01 4.2067e+02 7
3.3739e+02 4.2100e+02 7
1.3490e+02 4.2114e+02 7
3.1405e+02 4.2125e+02 7
1.5488e+02 4.2163e+02 7
3.4970e+02 4.2165e+02 7
2.0190e+02 4.2172e+02 7
1.6625e+02 4.2193e+02 7
3.7898e+02 4.2200e+02 7
3.7182e+02 4.2201e+02 7
9.9406e+01 4.2229e+02 7
1.9667e+02 4.2257e+02 7
3.3004e+02 4.2286e+02 7
3.1657e+02 4.2348e+02 7
1.1836e+02 4.2350e+02 7
1.7544e+02 4.2356e+02 7
2.8370e+02 4.2356e+02 7
2.7999e+02 4.2360e+02 7
2.1234e+02 4.2360e+02 7
1.8561e+02 4.2392e+02 7
3.6683e+02 4.2402e+02 7
1.2947e+02 4.2413e+02 7
2.1804e+02 4.2452e+02 7
3.6377e+02 4.2461e+02 7
3.3838e+02 4.2465e+02 7
1.7638e+02 4.2484e+02 7
2.7113e+02 4.2486e+02 7
1.2067e+02 4.2511e+02 7
3.1179e+02 4.2530e+02 7
9.7952e+01 4.2535e+02 7
2.9733e+02 4.2565e+02 7
3.1300e+02 4.2587e+02 7
3.4088e+02 4.2613e+02 7
2.4564e+02 4.2636e+02 7
3.1967e+02 4.2647e+02 7
1.2615e+02 4.2648e+02 7
2.9324e+02 4.2663e+02 7
3.7544e+02 4.2663e+02 7
1.7593e+02 4.2695e+02 7
1.7040e+02 4.2714e+02 7
2.8154e+02 4.2736e+02 7
2.0703e+02 4.2741e+02 7
1.3768e+02 4.2761e+02 7
1.5275e+02 4.2765e+02 7
1.5081e+02 4.2768e+02 7
1.1412e+02 4.2777e+02 7
2.0093e+02 4.2794e+02 7
2.0051e+02 4.2795e+02 7
2.8731e+02 4.2821e+02 7
2.1066e+02 4.2823e+02 7
1.2828e+02 4.2849e+02 7
1.7552e+02 4.2860e+02 7
1.8608e+02 4.2912e+02 7
1.8000e+02 4.2939e+02 7
3.2149e+02 4.2944e+02 7
1.6364e+02 4.2953e+02 7
2.0525e+02 4.2956e+02 7
1.7143e+02 4.2985e+02 7
1.7770e+02 4.3000e+02 7
1.9846e+02 4.3001e+02 7
1.5804e+02 4.3012e+02 7
3.1242e+02 4.3018e+02 7
2.5125e+02 4.3057e+02 7
3.4493e+02 4.3130e+02 7
2.7779e+02 4.3134e+02 7
3.1793e+02 4.3157e+02 7
1.3439e+02 4.3187e+02 7
2.6222e+02 4.3223e+02 7
1.7395e+02 4.3225e+02 7
3.3776e+02 4.3227e+02 7
1.5727e+02 4.3245e+02 7
3.2599e+02 4.3268e+02 7
3.0970e+02 4.3285e+02 7
1.4963e+02 4.3311e+02 7
2.1966e+02 4.3411e+02 7
1.5042e+02 4.3451e+02 7
2.6457e+02 4.3455e+02 7
1.6036e+02 4.3474e+02 7
2.7294e+02 4.3479e+02 7
2.7037e+02 4.3495e+02 7
3.2239e+02 4.3513e+02 7
2.8990e+02 4.3518e+02 7
2.2568e+02 4.3541e+02 7
3.0384e+02 4.3548e+02 7
2.0604e+02 4.3602e+02 7
1.8836e+02 4.3610e+02 7
1.6905e+02 4.3634e+02 7
3.2564e+02 4.3647e+02 7
2.6557e+02 4.3652e+02 7
2.3088e+02 4.3657e+02 7
2.6441e+02 4.3662e+02 7
1.7192e+02 4.3672e+02 7
2.9357e+02 4.3672e+02 7
1.9306e+02 4.3695e+02 7
2.1351e+02 4.3702e+02 7
1.9208e+02 4.3721e+02 7
1.8324e+02 4.3752e+02 7
2.2801e+02 4.3867e+02 7
2.8879e+02 4.3893e+02 7
2.5874e+02 4.3933e+02 7
2.9748e+02 4.3960e+02 7
2.0389e+02 4.4069e+02 7
2.9854e+02 4.4079e+02 7
2.4396e+02 4.4081e+02 7
2.3853e+02 4.4159e+02 7
2.5194e+02 4.4206e+02 7
2.0009e+02 4.4255e+02 7
2.7227e+02 4.4576e+02 7
2.1604e+02 6.4569e+01 8
2.5997e+02 6.8072e+01 8
2.2685e+02 6.8191e+01 8
1.2680e+02 6.8228e+01 8
1.9048e+02 6.8481e+01 8
4.7035e+01 6.8538e+01 8
3.0929e+02 6.8687e+01 8
2.3106e+02 6.8763e+01 8
1.3364e+02 6.8782e+01 8
1.2114e+02 6.8878e+01 8
5.4094e+01 6.8930e+01 8
1.1325e+02 6.9092e+01 8
2.1770e+02 6.9131e+01 8
2.6430e+02 6.9184e+01 8
1.1682e+02 6.9283e+01 8
2.5189e+02 6.9384e+01 8
2.8477e+02 6.9565e+01 8
3.2783e+01 6.9609e+01 8
9.0353e+01 6.9805e+01 8
1.1506e+02 7.0588e+01 8
2.9352e+02 7.0663e+01 8
2.4224e+02 7.0840e+01 8
8.1168e+01 7.0878e+01 8
2.1727e+01 7.1013e+01 8
2.7525e+02 7.1139e+01 8
2.3319e+02 7.1160e+01 8
1.5226e+02 7.1197e+01 8
2.5307e+02 7.1225e+01 8
3.2739e+02 7.1249e+01 8
1.2167e+02 7.1339e+01 8
1.4572e+02 7.1481e+01 8
2.7858e+02 7.1559e+01 8
3.2041e+02 7.1723e+01 8
1.8869e+02 7.1897e+01 8
4.8953e+01 7.1910e+01 8
2.0127e+02 7.2190e+01 8
1.3248e+02 7.2435e+01 8
2.9829e+02 7.2518e+01 8
2.8140e+02 7.2732e+01 8
5.8985e+01 7.2888e+01 8
3.1152e+02 7.2891e+01 8
1.6201e+02 7.3114e+01 8
1.3028e+02 7.3427e+01 8
1.4688e+02 7.3517e+01 8
1.7089e+02 7.3995e+01 8
2.0640e+02 7.4276e+01 8
4.0033e+01 7.4325e+01 8
2.6995e+02 7.4645e+01 8
1.7477e+02 7.4719e+01 8
2.1499e+02 7.4723e+01 8
3.2454e+02 7.5255e+01 8
1.5048e+02 7.5369e+01 8
1.2903e+02 7.5443e+01 8
1.5531e+02 7.5505e+01 8
2.1150e+02 7.5519e+01 8
5.0613e+01 7.5772e+01 8
1.0218e+02 7.5819e+01 8
7.3408e+01 7.5876e+01 8
2.9382e+01 7.6012e+01 8
6.5628e+01 7.6131e+01 8
2.4719e+01 7.6158e+01 8
1.5186e+02 7.6227e+01 8
6.4690e+01 7.6368e+01 8
3.0582e+02 7.6428e+01 8
1.9541e+02 7.6619e+01 8
1.7618e+01 7.6707e+01 8
5.4673e+01 7.6753e+01 8
6.0474e+01 7.6761e+01 8
3.1852e+02 7.6837e+01 8
3.2192e+02 7.6855e+01 8
3.5155e+01 7.7012e+01 8
2.4707e+02 7.7082e+01 8
2.5391e+02 7.7438e+01 8
3.3123e+02 7.7468e+01 8
1.4226e+02 7.7667e+01 8
1.8422e+02 7.7736e+01 8
5.5245e+01 7.7925e+01 8
2.2438e+01 7.7946e+01 8
2.2088e+02 7.8130e+01 8
3.0054e+02 7.8151e+01 8
1.9975e+02 7.8471e+01 8
1.1397e+02 7.8928e+01 8
5.0868e+01 7.8939e+01 8
2.7697e+02 7.8989e+01 8
9.0211e+01 7.9071e+01 8
1.8705e+02 7.9109e+01 8
6.8587e+01 7.9172e+01 8
8.9968e+01 7.9221e+01 8
2.5524e+02 7.9410e+01 8
1.0914e+02 7.9592e+01 8
1.6455e+02 7.9603e+01 8
3.1782e+02 8.0373e+01 8
2.3927e+01 8.0504e+01 8
1.8328e+02 8.0504e+01 8
2.8919e+02 8.0511e+01 8
2.8050e+01 8.0915e+01 8
2.5037e+02 8.1036e+01 8
1.7840e+02 8.1042e+01 8
2.8819e+01 8.1143e+01 8
3.2343e+02 8.1213e+01 8
7.7370e+01 8.1326e+01 8
2.8318e+02 8.1482e+01 8
2.4794e+02 8.1576e+01 8
3.8135e+01 8.1592e+01 8
1.0599e+02 8.1689e+01 8
7.9447e+01 8.1780e+01 8
1.0086e+02 8.1948e+01 8
1.7399e+02 8.2143e+01 8
8.9099e+01 8.2281e+01 8
2.1479e+02 8.2535e+01 8
2.8403e+02 8.3041e+01 8
2.1970e+02 8.3054e+01 8
2.4896e+02 8.3423e+01 8
1.0740e+02 8.3517e+01 8
1.4064e+02 8.3611e+01 8
3.2982e+02 8.3693e+01 8
1.3000e+02 8.3758e+01 8
1.7247e+02 8.3817e+01 8
2.5424e+02 8.4097e+01 8
3.1338e+02 8.4138e+01 8
2.0377e+02 8.4203e+01 8
1.2531e+02 8.4468e+01 8
4.5832e+01 8.4490e+01 8
7.5458e+01 8.4596e+01 8
1.1202e+02 8.4655e+01 8
4.1348e+01 8.4674e+01 8
5.1149e+01 8.5005e+01 8
3.1575e+02 8.5203e+01 8
2.6712e+02 8.5436e+01 8
2.9738e+02 8.5729e+01 8
2.3181e+02 8.6061e+01 8
3.0754e+02 8.6256e+01 8
1.7635e+02 8.6404e+01 8
2.8496e+02 8.6528e+01 8
6.7625e+01 8.6571e+01 8
1.3911e+02 8.6722e+01 8
2.3468e+02 8.6800e+01 8
1.0057e+02 8.7184e+01 8
2.9086e+02 8.7390e+01 8
6.5152e+01 8.7445e+01 8
1.4033e+02 8.7487e+01 8
9.1613e+01 8.7869e+01 8
1.2596e+02 8.8053e+01 8
3.0121e+02 8.8087e+01 8
9.6868e+01 8.8464e+01 8
1.7037e+02 8.8633e+01 8
1.5896e+02 8.8723e+01 8
1.3704e+02 8.8840e+01 8
7.1383e+01 8.8961e+01 8
2.2856e+02 8.9153e+01 8
2.6029e+01 8.9203e+01 8
2.1403e+02 8.9258e+01 8
2.8557e+02 8.9352e+01 8
5.9543e+01 8.9465e+01 8
1.3853e+02 8.9481e+01 8
2.0534e+02 8.9501e+01 8
9.2804e+01 8.9609e+01 8
1.6063e+02 9.0148e+01 8
7.0260e+01 9.0168e+01 8
2.1191e+01 9.0175e+01 8
2.1669e+02 9.0176e+01 8
2.0976e+02 9.0274e+01 8
3.0257e+02 9.0312e+01 8
1.4386e+02 9.0406e+01 8
6.7907e+01 9.0611e+01 8
2.7609e+02 9.0629e+01 8
8.8006e+01 9.0715e+01 8
2.9991e+02 9.1006e+01 8
1.7104e+02 9.1052e+01 8
3.3181e+02 9.1092e+01 8
1.1999e+02 9.1217e+01 8
1.7642e+02 9.1278e+01 8
1.4928e+02 9.1325e+01 8
1.6711e+02 9.1329e+01 8
1.4331e+02 9.1353e+01 8
1.7494e+02 9.1396e+01 8
1.8527e+02 9.1510e+01 8
2.1328e+02 9.1533e+01 8
8.4650e+01 9.1606e+01 8
8.1736e+01 9.1847e+01 8
2.7197e+02 9.2033e+01 8
1.0870e+02 9.2295e+01 8
3.1914e+02 9.2307e+01 8
2.8212e+02 9.2573e+01 8
2.8983e+02 9.2748e+01 8
2.2447e+02 9.2762e+01 8
1.2315e+02 9.2857e+01 8
1.8235e+02 9.3090e+01 8
1.8100e+02 9.3371e+01 8
3.1982e+02 9.3381e+01 8
3.1432e+02 9.3690e+01 8
2.4530e+02 9.3733e+01 8
3.2517e+02 9.3746e+01 8
1.4799e+02 9.3752e+01 8
3.0564e+02 9.3766e+01 8
3.2658e+02 9.3977e+01 8
1.4255e+02 9.4007e+01 8
2.7995e+02 9.4095e+01 8
3.4828e+01 9.4239e+01 8
2.2930e+02 9.4680e+01 8
2.6923e+02 9.4857e+01 8
2.8048e+02 9.4905e+01 8
3.0408e+02 9.5292e+01 8
3.1094e+02 9.5436e+01 8
2.7063e+02 9.5601e+01 8
9.9083e+01 9.5623e+01 8
1.7299e+02 9.5744e+01 8
1.9291e+02 9.5776e+01 8
1.2841e+02 9.5790e+01 8
2.9517e+02 9.6015e+01 8
3.2332e+01 9.6076e+01 8
2.8714e+02 9.6099e+01 8
4.5044e+01 9.6237e+01 8
2.6250e+02 9.6386e+01 8
2.3694e+02 9.6547e+01 8
1.8619e+01 9.6615e+01 8
3.0025e+01 9.7059e+01 8
2.9223e+02 9.7319e+01 8
1.5136e+02 9.7467e+01 8
2.1897e+02 9.7701e+01 8
8.3275e+01 9.7813e+01 8
2.0480e+02 9.7934e+01 8
6.7156e+01 9.8011e+01 8
2.1835e+02 9.8038e+01 8
2.3897e+02 9.8246e+01 8
2.6038e+02 9.8251e+01 8
1.6350e+02 9.8358e+01 8
1.7528e+02 9.8624e+01 8
8.0470e+01 9.9037e+01 8
1.2731e+02 9.9195e+01 8
1.0375e+02 9.9497e+01 8
2.4378e+02 9.9689e+01 8
2.6803e+02 9.9763e+01 8
2.6752e+02 9.9886e+01 8
1.1806e+02 1.0033e+02 8
3.2593e+02 1.0055e+02 8
7.3978e+01 1.0079e+02 8
2.0740e+02 1.0080e+02 8
1.5943e+02 1.0116e+02 8
1.6841e+02 1.0116e+02 8
2.3787e+02 1.0149e+02 8
1.6536e+02 1.0152e+02 8
2.3732e+02 1.0152e+02 8
3.2829e+02 1.0158e+02 8
2.4020e+02 1.0160e+02 8
2.7284e+02 1.0161e+02 8
1.6588e+02 1.0169e+02 8
2.6170e+02 1.0172e+02 8
6.1133e+01 1.0185e+02 8
3.1865e+01 1.0191e+02 8
2.3633e+02 1.0228e+02 8
1.0273e+02 1.0235e+02 8
7.1598e+01 1.0242e+02 8
1.5994e+02 1.0242e+02 8
3.0204e+02 1.0243e+02 8
6.2701e+01 1.0264e+02 8
9.8283e+01 1.0279e+02 8
1.6174e+02 1.0286e+02 8
3.8412e+01 1.0289e+02 8
1.3413e+02 1.0290e+02 8
2.5975e+02 1.0295e+02 8
2.7351e+02 1.0299e+02 8
8.8192e+01 1.0300e+02 8
2.3350e+02 1.0326e+02 8
1.8776e+02 1.0360e+02 8
3.2157e+02 1.0363e+02 8
9.3934e+01 1.0376e+02 8
1.9337e+02 1.0380e+02 8
1.3535e+02 1.0413e+02 8
3.6662e+01 1.0437e+02 8
3.1472e+02 1.0440e+02 8
3.9133e+01 1.0450e+02 8
3.0172e+02 1.0518e+02 8
2.0705e+02 1.0530e+02 8
3.1666e+02 1.0544e+02 8
9.5380e+01 1.0552e+02 8
1.2264e+02 1.0583e+02 8
2.0862e+02 1.0584e+02 8
7.4730e+01 1.0585e+02 8
2.4158e+02 1.0601e+02 8
9.2035e+01 1.0608e+02 8
1.9705e+02 1.0613e+02 8
3.3050e+02 1.0644e+02 8
2.2178e+02 1.0658e+02 8
2.3586e+02 1.0682e+02 8
1.2640e+02 1.0706e+02 8
2.9965e+02 1.0746e+02 8
2.9165e+02 1.0808e+02 8
1.6256e+02 1.0836e+02 8
3.1762e+02 1.0841e+02 8
2.5901e+02 1.0869e+02 8
2.3268e+02 1.0873e+02 8
1.0759e+02 1.0923e+02 8
2.4656e+02 1.0961e+02 8
1.0719e+02 1.0966e+02 8
2.9191e+02 1.0976e+02 8
1.4943e+01 1.0999e+02 8
2.6358e+02 1.1015e+02 8
1.2443e+02 1.1047e+02 8
1.8264e+02 1.1055e+02 8
6.9485e+01 1.1058e+02 8
2.4313e+02 1.1062e+02 8
4.2772e+01 1.1077e+02 8
1.2433e+02 1.1081e+02 8
2.2611e+02 1.1083e+02 8
1.4103e+02 1.1083e+02 8
5.7366e+01 1.1088e+02 8
3.7275e+01 1.1152e+02 8
1.1056e+02 1.1185e+02 8
3.1229e+02 1.1200e+02 8
1.1743e+02 1.1204e+02 8
1.5264e+02 1.1214e+02 8
3.3276e+01 1.1223e+02 8
2.0122e+01 1.1233e+02 8
1.5655e+02 1.1241e+02 8
4.4408e+01 1.1250e+02 8
1.9611e+02 1.1274e+02 8
2.2499e+02 1.1288e+02 8
5.6858e+01 1.1321e+02 8
1.9919e+02 1.1367e+02 8
2.7922e+02 1.1384e+02 8
9.9840e+01 1.1386e+02 8
1.4491e+02 1.1389e+02 8
2.5711e+02 1.1389e+02 8
2.1691e+02 1.1434e+02 8
1.5155e+02 1.1453e+02 8
1.5744e+02 1.1615e+02 8
2.7107e+02 1.1621e+02 8
6.3843e+02 6.9833e+01 9
6.4687e+02 7.0219e+01 9
6.4262e+02 7.0236e+01 9
6.3716e+02 7.3381e+01 9
6.4636e+02 7.6271e+01 9
6.2889e+02 7.7097e+01 9
6.5346e+02 7.7615e+01 9
6.4893e+02 7.9587e+01 9
6.2801e+02 7.9848e+01 9
6.3367e+02 8.0951e+01 9
6.3523e+02 8.1065e+01 9
6.3051e+02 8.1439e+01 9
6.3398e+02 8.1757e+01 9
6.5134e+02 8.2528e+01 9
6.3384e+02 8.4471e+01 9
6.4408e+02 8.5890e+01 9
6.2828e+02 8.7093e+01 9
6.5018e+02 8.7129e+01 9
6.4250e+02 8.7839e+01 9
6.1937e+02 8.9899e+01 9
6.4134e+02 9.0272e+01 9
6.3195e+02 9.0276e+01 9
6.4586e+02 9.0376e+01 9
6.5205e+02 9.0481e+01 9
6.3529e+02 9.2205e+01 9
6.5056e+02 9.2824e+01 9
6.2985e+02 9.4010e+01 9
6.6099e+02 9.4011e+01 9
6.1647e+02 9.4085e+01 9
6.5934e+02 9.6810e+01 9
6.5587e+02 9.9736e+01 9
6.5827e+02 1.0038e+02 9
6.4304e+02 1.0225e+02 9
6.1629e+02 1.0248e+02 9
6.4807e+02 1.0287e+02 9
6.4529e+02 1.0529e+02 9
6.2975e+02 1.0607e+02 9
6.4714e+02 1.0876e+02 9
6.5637e+02 1.1022e+02 9
6.3905e+02 1.1041e+02 9
6.3799e+02 1.1294e+02 9
6.2631e+02 1.1347e+02 9
6.1390e+02 1.1712e+02 9
6.2700e+02 1.1756e+02 9
6.4930e+02 1.1769e+02 9
6.2844e+02 1.1802e+02 9
6.6058e+02 1.1868e+02 9
6.2427e+02 1.2017e+02 9
6.4753e+02 1.2118e+02 9
6.5248e+02 1.2148e+02 9
6.2379e+02 1.2170e+02 9
6.4695e+02 1.2188e+02 9
6.1578e+02 1.2353e+02 9
6.5071e+02 1.2395e+02 9
6.3192e+02 1.2443e+02 9
6.5852e+02 1.2534e+02 9
6.2551e+02 1.2550e+02 9
6.4005e+02 1.2560e+02 9
6.1747e+02 1.2792e+02 9
6.2760e+02 1.2918e+02 9
6.3650e+02 1.2932e+02 9
6.2574e+02 1.2976e+02 9
6.3451e+02 1.3026e+02 9
6.2216e+02 1.3069e+02 9
6.4965e+02 1.3103e+02 9
6.1820e+02 1.3264e+02 9
6.1054e+02 1.3274e+02 9
6.3438e+02 1.3303e+02 9
6.1222e+02 1.3476e+02 9
6.1907e+02 1.3585e+02 9
6.6265e+02 1.3690e+02 9
6.5872e+02 1.3820e+02 9
6.5153e+02 1.3840e+02 9
6.6136e+02 1.4072e+02 9
6.4480e+02 1.4126e+02 9
6.3691e+02 1.4190e+02 9
6.3920e+02 1.4209e+02 9
6.4338e+02 1.4358e+02 9
6.2899e+02 1.4524e+02 9
6.5894e+02 1.4546e+02 9
6.2544e+02 1.4555e+02 9
6.5987e+02 1.4564e+02 9
6.3069e+02 1.4570e+02 9
6.3985e+02 1.4607e+02 9
6.1564e+02 1.4839e+02 9
6.2925e+02 1.4840e+02 9
6.5081e+02 1.4922e+02 9
6.5695e+02 1.5052e+02 9
6.0474e+02 1.5086e+02 9
6.2652e+02 1.5100e+02 9
6.1763e+02 1.5120e+02 9
6.4719e+02 1.5271e+02 9
6.4649e+02 1.5290e+02 9
6.1950e+02 1.5431e+02 9
6.2727e+02 1.5461e+02 9
6.3928e+02 1.5542e+02 9
6.2255e+02 1.5550e+02 9
6.2585e+02 1.5634e+02 9
6.4361e+02 1.5676e+02 9
6.0995e+02 1.5865e+02 9
6.0253e+02 1.6050e+02 9
6.5765e+02 1.6060e+02 9
6.3572e+02 1.6154e+02 9
6.2270e+02 1.6228e+02 9
6.3702e+02 1.6281e+02 9
6.3997e+02 1.6297e+02 9
6.3937e+02 1.6373e+02 9
6.2053e+02 1.6402e+02 9
6.3096e+02 1.6427e+02 9
6.2170e+02 1.6464e+02 9
6.2016e+02 1.6507e+02 9
6.6215e+02 1.6524e+02 9
6.5088e+02 1.6540e+02 9
6.4886e+02 1.6731e+02 9
6.2488e+02 1.6828e+02 9
6.5418e+02 1.6885e+02 9
6.3185e+02 1.6891e+02 9
6.1130e+02 1.6895e+02 9
6.0292e+02 1.6931e+02 9
6.5043e+02 1.6944e+02 9
6.1929e+02 1.6978e+02 9
6.1541e+02 1.7037e+02 9
6.1640e+02 1.7089e+02 9
6.4403e+02 1.7201e+02 9
6.4284e+02 1.7261e+02 9
6.4954e+02 1.7264e+02 9
6.5788e+02 1.7324e+02 9
6.5113e+02 1.7420e+02 9
6.4342e+02 1.7562e+02 9
6.4224e+02 1.7661e+02 9
6.3265e+02 1.7897e+02 9
6.2855e+02 1.7904e+02 9
6.1868e+02 1.7958e+02 9
6.5656e+02 1.7959e+02 9
6.4156e+02 1.8152e+02 9
6.3605e+02 1.8161e+02 9
6.5398e+02 1.8263e+02 9
6.3971e+02 1.8347e+02 9
6.3873e+02 1.8347e+02 9
6.0132e+02 1.8468e+02 9
6.2326e+02 1.8497e+02 9
6.2070e+02 1.8523e+02 9
6.1244e+02 1.8593e+02 9
6.1070e+02 1.8645e+02 9
6.1515e+02 1.8679e+02 9
6.0268e+02 1.8734e+02 9
6.0742e+02 1.8838e+02 9
6.4794e+02 1.8906e+02 9
6.5749e+02 1.8969e+02 9
6.3898e+02 1.9145e+02 9
6.5196e+02 1.9290e+02 9
6.0441e+02 1.9325e+02 9
6.3203e+02 1.9442e+02 9
6.0158e+02 1.9495e+02 9
6.4013e+02 1.9559e+02 9
6.0923e+02 1.9575e+02 9
6.2438e+02 1.9604e+02 9
6.4581e+02 1.9605e+02 9
6.1366e+02 1.9617e+02 9
6.2562e+02 1.9652e+02 9
6.4680e+02 1.9747e+02 9
6.3309e+02 1.9832e+02 9
6.1430e+02 1.9853e+02 9
6.1305e+02 1.9856e+02 9
6.0858e+02 1.9930e+02 9
6.3552e+02 1.9974e+02 9
6.0103e+02 2.0094e+02 9
6.5283e+02 2.0227e+02 9
6.0913e+02 2.0411e+02 9
6.0549e+02 2.0469e+02 9
6.1183e+02 2.0487e+02 9
6.1903e+02 2.0504e+02 9
6.1442e+02 2.0511e+02 9
6.5777e+02 2.0535e+02 9
6.5738e+02 2.0669e+02 9
6.3114e+02 2.0687e+02 9
6.2304e+02 2.0723e+02 9
6.1232e+02 2.0924e+02 9
6.3143e+02 2.1048e+02 9
6.0794e+02 2.1084e+02 9
6.0598e+02 2.1104e+02 9
6.1844e+02 2.1216e+02 9
6.3480e+02 2.1267e+02 9
6.1096e+02 2.1343e+02 9
6.1015e+02 2.1519e+02 9
6.3342e+02 2.1845e+02 9
6.0815e+02 2.1919e+02 9
6.3356e+02 2.1988e+02 9
6.0456e+02 2.2079e+02 9
6.2309e+02 2.2165e+02 9
6.1361e+02 2.2210e+02 9
6.1506e+02 2.2231e+02 9
6.2791e+02 2.2301e+02 9
6.0425e+02 2.2341e+02 9
6.0729e+02 2.2449e+02 9
6.4421e+02 2.2460e+02 9
5.9884e+02 2.2476e+02 9
6.0826e+02 2.2520e+02 9
6.2398e+02 2.2569e+02 9
6.1782e+02 2.2571e+02 9
6.0906e+02 2.2617e+02 9
5.9872e+02 2.2699e+02 9
6.5442e+02 2.3138e+02 9
6.2530e+02 2.3205e+02 9
6.3915e+02 2.3353e+02 9
6.4370e+02 2.3382e+02 9
6.3123e+02 2.3476e+02 9
6.4449e+02 2.3551e+02 9
6.3619e+02 2.3690e+02 9
6.1314e+02 2.3742e+02 9
6.4874e+02 2.3968e+02 9
6.1700e+02 2.3987e+02 9
6.2199e+02 2.4145e+02 9
5.9524e+02 2.4192e+02 9
6.1425e+02 2.4222e+02 9
6.2516e+02 2.4282e+02 9
6.1525e+02 2.4312e+02 9
6.5606e+02 2.4316e+02 9
6.0271e+02 2.4322e+02 9
6.4266e+02 2.4510e+02 9
6.2682e+02 2.4710e+02 9
6.4288e+02 2.4815e+02 9
6.0885e+02 2.4831e+02 9
5.9712e+02 2.5200e+02 9
6.2720e+02 2.5245e+02 9
5.9024e+02 2.5312e+02 9
6.0615e+02 2.5336e+02 9
6.2667e+02 2.5500e+02 9
6.3171e+02 2.5506e+02 9
6.1105e+02 2.5667e+02 9
6.0787e+02 2.5798e+02 9
6.1288e+02 2.5866e+02 9
6.2042e+02 2.5986e+02 9
6.0087e+02 2.6006e+02 9
6.4051e+02 2.6098e+02 9
6.3257e+02 2.6173e+02 9
6.3297e+02 2.6195e+02 9
6.3764e+02 2.6235e+02 9
6.0076e+02 2.6249e+02 9
6.0964e+02 2.6276e+02 9
5.9819e+02 2.6293e+02 9
6.3325e+02 2.6368e+02 9
6.1357e+02 2.6457e+02 9
5.9603e+02 2.6493e+02 9
6.0587e+02 2.6600e+02 9
6.0628e+02 2.6634e+02 9
6.3027e+02 2.6677e+02 9
5.9066e+02 2.6734e+02 9
6.3497e+02 2.6894e+02 9
6.2995e+02 2.6995e+02 9
5.6678e+02 2.7014e+02 9
6.2463e+02 2.7096e+02 9
5.9243e+02 2.7130e+02 9
5.6399e+02 2.7266e+02 9
5.8292e+02 2.7269e+02 9
5.5811e+02 2.7272e+02 9
5.7644e+02 2.7306e+02 9
6.1707e+02 2.7323e+02 9
6.0693e+02 2.7356e+02 9
5.9268e+02 2.7415e+02 9
6.0483e+02 2.7454e+02 9
5.5022e+02 2.7631e+02 9
6.3137e+02 2.7722e+02 9
6.1802e+02 2.7747e+02 9
6.0956e+02 2.7760e+02 9
5.5123e+02 2.7783e+02 9
5.6101e+02 2.7840e+02 9
6.1032e+02 2.7941e+02 9
6.3082e+02 2.7960e+02 9
5.8625e+02 2.7972e+02 9
6.1503e+02 2.8004e+02 9
5.4410e+02 2.8026e+02 9
5.9612e+02 2.8036e+02 9
5.5104e+02 2.8046e+02 9
6.2739e+02 2.8077e+02 9
6.2958e+02 2.8084e+02 9
5.8393e+02 2.8091e+02 9
5.6741e+02 2.8106e+02 9
5.6362e+02 2.8111e+02 9
5.3518e+02 2.8151e+02 9
5.8825e+02 2.8157e+02 9
6.0121e+02 2.8178e+02 9
6.2876e+02 2.8199e+02 9
5.6637e+02 2.8224e+02 9
5.5303e+02 2.8226e+02 9
5.5481e+02 2.8242e+02 9
5.9156e+02 2.8249e+02 9
5.3811e+02 2.8256e+02 9
6.1409e+02 2.8257e+02 9
6.1995e+02 2.8301e+02 9
5.5003e+02 2.8309e+02 9
5.9896e+02 2.8444e+02 9
5.9859e+02 2.8488e+02 9
5.9929e+02 2.8525e+02 9
6.0399e+02 2.8704e+02 9
5.8927e+02 2.8735e+02 9
5.3723e+02 2.8778e+02 9
6.1112e+02 2.8827e+02 9
5.8446e+02 2.8881e+02 9
5.5034e+02 2.8885e+02 9
5.4576e+02 2.8938e+02 9
5.8605e+02 2.8941e+02 9
5.6270e+02 2.8947e+02 9
5.8575e+02 2.9090e+02 9
5.7425e+02 2.9097e+02 9
5.8268e+02 2.9098e+02 9
5.4966e+02 2.9140e+02 9
5.9220e+02 2.9179e+02 9
5.8177e+02 2.9184e+02 9
5.6446e+02 2.9235e+02 9
5.8694e+02 2.9240e+02 9
5.6792e+02 2.9342e+02 9
5.6696e+02 2.9351e+02 9
6.1090e+02 2.9374e+02 9
5.8333e+02 2.9378e+02 9
5.8440e+02 2.9401e+02 9
5.4979e+02 2.9409e+02 9
5.8528e+02 2.9442e+02 9
5.8383e+02 2.9479e+02 9
5.9768e+02 2.9497e+02 9
5.3577e+02 2.9525e+02 9
6.0500e+02 2.9560e+02 9
5.4580e+02 2.9574e+02 9
5.7174e+02 2.9615e+02 9
5.3668e+02 2.9695e+02 9
5.8898e+02 2.9699e+02 9
5.7496e+02 2.9711e+02 9
6.0337e+02 2.9797e+02 9
5.2914e+02 2.9816e+02 9
5.5426e+02 2.9913e+02 9
5.2461e+02 2.9944e+02 9
5.5759e+02 2.9966e+02 9
5.6063e+02 3.0051e+02 9
5.8888e+02 3.0108e+02 9
5.8029e+02 3.0229e+02 9
5.9963e+02 3.0233e+02 9
5.2867e+02 3.0245e+02 9
5.5077e+02 3.0312e+02 9
5.2089e+02 3.0316e+02 9
5.6220e+02 3.0345e+02 9
5.5339e+02 3.0407e+02 9
5.5408e+02 3.0411e+02 9
5.6524e+02 3.0485e+02 9
5.5283e+02 3.0486e+02 9
5.4512e+02 3.0519e+02 9
5.7479e+02 3.0520e+02 9
5.4878e+02 3.0556e+02 9
5.3164e+02 3.0615e+02 9
5.8004e+02 3.0661e+02 9
5.3644e+02 3.0686e+02 9
5.8136e+02 3.0708e+02 9
5.4273e+02 3.0710e+02 9
5.6607e+02 3.0846e+02 9
5.8945e+02 3.0952e+02 9
5.8200e+02 3.0954e+02 9
5.7264e+02 3.0969e+02 9
5.6454e+02 3.1009e+02 9
5.5138e+02 3.1051e+02 9
5.9292e+02 3.1089e+02 9
5.7252e+02 3.1095e+02 9
5.9385e+02 3.1282e+02 9
5.7386e+02 3.1334e+02 9
5.7048e+02 3.1367e+02 9
5.9208e+02 3.1437e+02 9
5.4341e+02 3.1478e+02 9
5.8740e+02 3.1478e+02 9
5.7238e+02 3.1525e+02 9
5.4388e+02 3.1592e+02 9
5.3248e+02 3.1612e+02 9
5.6874e+02 3.1653e+02 9
5.4234e+02 3.1717e+02 9
5.6170e+02 3.1756e+02 9
5.5715e+02 3.1910e+02 9
5.2194e+02 3.1931e+02 9
5.3090e+02 3.2002e+02 9
5.1932e+02 3.2020e+02 9
5.5195e+02 3.2127e+02 9
5.2526e+02 3.2156e+02 9
5.5772e+02 3.2227e+02 9
5.2949e+02 3.2242e+02 9
5.6561e+02 3.2353e+02 9
5.5804e+02 3.2498e+02 9
5.1313e+02 3.2558e+02 9
5.3957e+02 3.2563e+02 9
5.1129e+02 3.2566e+02 9
5.6250e+02 3.2611e+02 9
5.2482e+02 3.2656e+02 9
5.6233e+02 3.2659e+02 9
5.4255e+02 3.2677e+02 9
5.2698e+02 3.2982e+02 9
5.1019e+02 3.3204e+02 9
5.2764e+02 3.3327e+02 9
5.3536e+02 3.3362e+02 9
5.3068e+02 3.3488e+02 9
5.2140e+02 3.3610e+02 9
5.0601e+02 3.3685e+02 9
5.4496e+02 3.3828e+02 9
5.1640e+02 3.3838e+02 9
5.5954e+02 3.3884e+02 9
5.1687e+02 3.4012e+02 9
5.1617e+02 3.4042e+02 9
5.3303e+02 3.4226e+02 9
5.1671e+02 3.4297e+02 9
5.0730e+02 3.4314e+02 9
5.2665e+02 3.4323e+02 9
5.3707e+02 3.4332e+02 9
5.3138e+02 3.4404e+02 9
5.5995e+02 3.4431e+02 9
5.5180e+02 3.4467e+02 9
5.3263e+02 3.4646e+02 9
5.4993e+02 3.4687e+02 9
5.1300e+02 3.4713e+02 9
5.0628e+02 3.4726e+02 9
5.4922e+02 3.4729e+02 9
5.4905e+02 3.4732e+02 9
5.5637e+02 3.4752e+02 9
5.3054e+02 3.4772e+02 9
5.1712e+02 3.4884e+02 9
5.0559e+02 3.4972e+02 9
5.3387e+02 3.5012e+02 9
5.4609e+02 3.5025e+02 9
5.0680e+02 3.5168e+02 9
5.1473e+02 3.5232e+02 9
5.6316e+02 3.5282e+02 9
5.6047e+02 3.5304e+02 9
4.9681e+02 3.5335e+02 9
5.2378e+02 3.5363e+02 9
5.3906e+02 3.5410e+02 9
5.1574e+02 3.5463e+02 9
5.1251e+02 3.5465e+02 9
5.4525e+02 3.5468e+02 9
5.3501e+02 3.5488e+02 9
5.3192e+02 3.5558e+02 9
5.2813e+02 3.5719e+02 9
5.0919e+02 3.5733e+02 9
5.4584e+02 3.5771e+02 9
5.6476e+02 3.6058e+02 9
4.9636e+02 3.6073e+02 9
5.2639e+02 3.6278e+02 9
5.3348e+02 3.6287e+02 9
5.3470e+02 3.6331e+02 9
5.1493e+02 3.6403e+02 9
5.0874e+02 3.6408e+02 9
5.4434e+02 3.6509e+02 9
5.3621e+02 3.6843e+02 9
5.4462e+02 3.6846e+02 9
5.1874e+02 3.6873e+02 9
5.4944e+02 3.6881e+02 9
5.5276e+02 3.6918e+02 9
5.2774e+02 3.7074e+02 9
5.2985e+02 3.7124e+02 9
5.0782e+02 3.7165e+02 9
5.3748e+02 3.7214e+02 9
5.1438e+02 3.7215e+02 9
5.4038e+02 3.7220e+02 9
5.2272e+02 3.7240e+02 9
5.4791e+02 3.7361e+02 9
5.6381e+02 3.7366e+02 9
5.7028e+02 3.7489e+02 9
5.3786e+02 3.7553e+02 9
5.6625e+02 3.7601e+02 9
5.2237e+02 3.7658e+02 9
5.4159e+02 3.7677e+02 9
5.4689e+02 3.7703e+02 9
5.8254e+02 3.7802e+02 9
5.7334e+02 3.7951e+02 9
5.7288e+02 3.8049e+02 9
5.8498e+02 3.8070e+02 9
5.0659e+02 3.8071e+02 9
5.6464e+02 3.8272e+02 9
5.6010e+02 3.8399e+02 9
5.6856e+02 3.8431e+02 9
5.8239e+02 3.8461e+02 9
5.4451e+02 3.8468e+02 9
6.0205e+02 3.8507e+02 9
6.2618e+02 3.8546e+02 9
6.2363e+02 3.8647e+02 9
5.5701e+02 3.8649e+02 9
6.1690e+02 3.8672e+02 9
5.2427e+02 3.8766e+02 9
4.9701e+02 3.8803e+02 9
5.6495e+02 3.8825e+02 9
5.7676e+02 3.8883e+02 9
5.6120e+02 3.8920e+02 9
5.9478e+02 3.9000e+02 9
6.3042e+02 3.9087e+02 9
5.7555e+02 3.9115e+02 9
6.2347e+02 3.9135e+02 9
5.2899e+02 3.9138e+02 9
6.2393e+02 3.9206e+02 9
5.0008e+02 3.9208e+02 9
6.2146e+02 3.9217e+02 9
6.2752e+02 3.9220e+02 9
6.0945e+02 3.9222e+02 9
5.5628e+02 3.9304e+02 9
6.1476e+02 3.9327e+02 9
6.2453e+02 3.9353e+02 9
5.6898e+02 3.9364e+02 9
5.1885e+02 3.9392e+02 9
5.3862e+02 3.9430e+02 9
6.1340e+02 3.9439e+02 9
5.5723e+02 3.9463e+02 9
5.4658e+02 3.9505e+02 9
5.2924e+02 3.9506e+02 9
5.5365e+02 3.9540e+02 9
6.2075e+02 3.9550e+02 9
6.3792e+02 3.9626e+02 9
6.1968e+02 3.9626e+02 9
6.2036e+02 3.9694e+02 9
6.4087e+02 3.9695e+02 9
6.4776e+02 3.9711e+02 9
5.1772e+02 3.9738e+02 9
5.0962e+02 3.9813e+02 9
5.8455e+02 3.9831e+02 9
5.1562e+02 3.9846e+02 9
5.3435e+02 3.9882e+02 9
6.5811e+02 3.9894e+02 9
5.2304e+02 3.9907e+02 9
5.4077e+02 3.9933e+02 9
5.1233e+02 3.9997e+02 9
6.5965e+02 4.0033e+02 9
5.8049e+02 4.0039e+02 9
6.5666e+02 4.0052e+02 9
4.9755e+02 4.0088e+02 9
5.8079e+02 4.0092e+02 9
6.5259e+02 4.0111e+02 9
6.5330e+02 4.0114e+02 9
6.3472e+02 4.0124e+02 9
6.6451e+02 4.0204e+02 9
6.0769e+02 4.0208e+02 9
6.3178e+02 4.0217e+02 9
5.9618e+02 4.0218e+02 9
6.3812e+02 4.0295e+02 9
6.6642e+02 4.0301e+02 9
5.6950e+02 4.0355e+02 9
5.2313e+02 4.0403e+02 9
5.9113e+02 4.0427e+02 9
5.1400e+02 4.0471e+02 9
5.4047e+02 4.0508e+02 9
5.5600e+02 4.0526e+02 9
6.3432e+02 4.0543e+02 9
6.3670e+02 4.0574e+02 9
5.1744e+02 4.0608e+02 9
6.3768e+02 4.0636e+02 9
5.0708e+02 4.0650e+02 9
5.3288e+02 4.0727e+02 9
5.6151e+02 4.0734e+02 9
6.5782e+02 4.0807e+02 9
5.7648e+02 4.0808e+02 9
5.1985e+02 4.0817e+02 9
6.0530e+02 4.0868e+02 9
5.2533e+02 4.0878e+02 9
6.0974e+02 4.0891e+02 9
6.4385e+02 4.0902e+02 9
6.3242e+02 4.0950e+02 9
5.3102e+02 4.0959e+02 9
6.6524e+02 4.0960e+02 9
6.5689e+02 4.0962e+02 9
5.4317e+02 4.0972e+02 9
5.8348e+02 4.0985e+02 9
5.5964e+02 4.1003e+02 9
5.2116e+02 4.1044e+02 9
5.9419e+02 4.1061e+02 9
5.3147e+02 4.1091e+02 9
5.3759e+02 4.1096e+02 9
5.8991e+02 4.1097e+02 9
5.5972e+02 4.1130e+02 9
6.4499e+02 4.1151e+02 9
5.2247e+02 4.1181e+02 9
5.2219e+02 4.1191e+02 9
5.5878e+02 4.1226e+02 9
5.4674e+02 4.1231e+02 9
5.2359e+02 4.1254e+02 9
6.1773e+02 4.1271e+02 9
5.7152e+02 4.1304e+02 9
5.4368e+02 4.1337e+02 9
6.2470e+02 4.1361e+02 9
5.1346e+02 4.1400e+02 9
5.4181e+02 4.1417e+02 9
5.9396e+02 4.1426e+02 9
6.4463e+02 4.1460e+02 9
6.3833e+02 4.1460e+02 9
6.2510e+02 4.1469e+02 9
5.4423e+02 4.1472e+02 9
5.4835e+02 4.1532e+02 9
6.4834e+02 4.1538e+02 9
6.5680e+02 4.1611e+02 9
6.2298e+02 4.1640e+02 9
6.3992e+02 4.1649e+02 9
5.2703e+02 4.1658e+02 9
5.4476e+02 4.1665e+02 9
5.1829e+02 4.1687e+02 9
6.8070e+02 4.1694e+02 9
5.3656e+02 4.1742e+02 9
6.5036e+02 4.1825e+02 9
5.7757e+02 4.1834e+02 9
6.5466e+02 4.1865e+02 9
6.6241e+02 4.1867e+02 9
5.8802e+02 4.1977e+02 9
5.0909e+02 4.2019e+02 9
5.1764e+02 4.2063e+02 9
6.1594e+02 4.2075e+02 9
5.5566e+02 4.2139e+02 9
5.4129e+02 4.2141e+02 9
6.0646e+02 4.2162e+02 9
5.5548e+02 4.2203e+02 9
6.4106e+02 4.2210e+02 9
6.8367e+02 4.2250e+02 9
6.6305e+02 4.2264e+02 9
5.9539e+02 4.2264e+02 9
6.0217e+02 4.2273e+02 9
6.3962e+02 4.2288e+02 9
6.4200e+02 4.2295e+02 9
5.0310e+02 4.2304e+02 9
5.5219e+02 4.2315e+02 9
6.4558e+02 4.2379e+02 9
6.7577e+02 4.2420e+02 9
5.4720e+02 4.2443e+02 9
6.1493e+02 4.2458e+02 9
5.5778e+02 4.2521e+02 9
6.6707e+02 4.2559e+02 9
5.1052e+02 4.2653e+02 9
6.3209e+02 4.2683e+02 9
5.5507e+02 4.2704e+02 9
6.6494e+02 4.2730e+02 9
5.3414e+02 4.2744e+02 9
6.0006e+02 4.2746e+02 9
6.0666e+02 4.2797e+02 9
5.9186e+02 4.2800e+02 9
6.4518e+02 4.2825e+02 9
6.7051e+02 4.2831e+02 9
5.6141e+02 4.2847e+02 9
6.1379e+02 4.2856e+02 9
5.5966e+02 4.2867e+02 9
5.6038e+02 4.2922e+02 9
6.7118e+02 4.2947e+02 9
5.5041e+02 4.2963e+02 9
4.9655e+02 4.2975e+02 9
5.9830e+02 4.3021e+02 9
6.8153e+02 4.3029e+02 9
6.6683e+02 4.3052e+02 9
5.7603e+02 4.3053e+02 9
5.4199e+02 4.3081e+02 9
5.3142e+02 4.3082e+02 9
6.4993e+02 4.3141e+02 9
6.7759e+02 4.3148e+02 9
5.4855e+02 4.3190e+02 9
5.1907e+02 4.3200e+02 9
5.6810e+02 4.3201e+02 9
6.3510e+02 4.3283e+02 9
5.0511e+02 4.3298e+02 9
5.7902e+02 4.3346e+02 9
6.1899e+02 4.3366e+02 9
5.2601e+02 4.3383e+02 9
5.1805e+02 4.3398e+02 9
5.7118e+02 4.3404e+02 9
6.0560e+02 4.3432e+02 9
5.2443e+02 4.3445e+02 9
6.6023e+02 4.3459e+02 9
5.1795e+02 4.3491e+02 9
6.7383e+02 4.3525e+02 9
6.2207e+02 4.3569e+02 9
5.9502e+02 4.3641e+02 9
5.8485e+02 4.3656e+02 9
6.4459e+02 4.3661e+02 9
6.1881e+02 4.3692e+02 9
5.4933e+02 4.3757e+02 9
6.0716e+02 4.3783e+02 9
5.0822e+02 4.3806e+02 9
6.3278e+02 4.3807e+02 9
6.7228e+02 4.3886e+02 9
5.1279e+02 4.3888e+02 9
5.2396e+02 4.3892e+02 9
6.4149e+02 4.3911e+02 9
5.1182e+02 4.3986e+02 9
6.4610e+02 4.4027e+02 9
5.3949e+02 4.4044e+02 9
5.4504e+02 4.4050e+02 9
5.5241e+02 4.4058e+02 9
6.3785e+02 4.4088e+02 9
6.4744e+02 4.4097e+02 9
5.7052e+02 4.4120e+02 9
6.6852e+02 4.4121e+02 9
6.4735e+02 4.4175e+02 9
6.4906e+02 4.4200e+02 9
6.5512e+02 4.4201e+02 9
5.5439e+02 4.4229e+02 9
5.4056e+02 4.4273e+02 9
6.0145e+02 4.4284e+02 9
6.1205e+02 4.4294e+02 9
5.9448e+02 4.4322e+02 9
6.4503e+02 4.4356e+02 9
5.1410e+02 4.4402e+02 9
5.1856e+02 4.4406e+02 9
5.7301e+02 4.4430e+02 9
6.0303e+02 4.4446e+02 9
5.5525e+02 4.4501e+02 9
5.9329e+02 4.4504e+02 9
5.5866e+02 4.4526e+02 9
5.9120e+02 4.4541e+02 9
6.6185e+02 4.4545e+02 9
6.0247e+02 4.4585e+02 9
6.0182e+02 4.4631e+02 9
5.6427e+02 4.4635e+02 9
6.0901e+02 4.4665e+02 9
5.2040e+02 4.4722e+02 9
5.6005e+02 4.4727e+02 9
6.3774e+02 4.4742e+02 9
6.3856e+02 4.4813e+02 9
5.8783e+02 4.4849e+02 9
6.2920e+02 4.4854e+02 9
6.2773e+02 4.5015e+02 9
6.2121e+02 4.5138e+02 9
5.3816e+02 4.5242e+02 9
6.2932e+02 4.5266e+02 9
6.5712e+02 4.5267e+02 9
5.5918e+02 4.5268e+02 9
5.4559e+02 4.5272e+02 9
6.0237e+02 4.5347e+02 9
5.5172e+02 4.5365e+02 9
6.5379e+02 4.5392e+02 9
6.1267e+02 4.5415e+02 9
5.5822e+02 4.5431e+02 9
5.4730e+02 4.5451e+02 9
6.1253e+02 4.5562e+02 9
5.7835e+02 4.5569e+02 9
5.3896e+02 4.5589e+02 9
5.3461e+02 4.5596e+02 9
6.2190e+02 4.5599e+02 9
6.1808e+02 4.5607e+02 9
5.6208e+02 4.5640e+02 9
6.1796e+02 4.5755e+02 9
5.6839e+02 4.5775e+02 9
5.7375e+02 4.5892e+02 9
5.6586e+02 4.5945e+02 9
5.6130e+02 4.5993e+02 9
5.7867e+02 4.6061e+02 9
5.5472e+02 4.6091e+02 9
5.7708e+02 4.6173e+02 9
5.6922e+02 4.6235e+02 9
5.5664e+02 4.6476e+02 9
5.5729e+02 4.6575e+02 9
