5.6323e+02 5.6748e+01 1
5.6489e+02 5.8119e+01 1
5.6543e+02 6.8061e+01 1
5.6593e+02 7.9953e+01 1
5.6676e+02 6.9405e+01 1
5.6799e+02 8.1669e+01 1
5.6919e+02 6.2483e+01 1
5.6979e+02 5.5458e+01 1
5.7058e+02 7.3136e+01 1
5.7217e+02 7.3306e+01 1
5.7310e+02 4.7248e+01 1
5.7365e+02 8.8769e+01 1
5.7585e+02 5.5477e+01 1
5.7602e+02 5.5179e+01 1
5.7669e+02 6.6819e+01 1
5.7738e+02 4.4799e+01 1
5.7751e+02 5.1055e+01 1
5.7873e+02 8.0574e+01 1
5.7948e+02 3.9921e+01 1
5.8063e+02 4.4737e+01 1
5.8128e+02 6.5616e+01 1
5.8202e+02 5.4002e+01 1
5.8359e+02 7.6708e+01 1
5.8380e+02 7.9860e+01 1
5.8437e+02 5.3483e+01 1
5.8646e+02 5.9779e+01 1
5.8702e+02 8.5774e+01 1
5.8768e+02 7.1899e+01 1
5.8823e+02 3.9995e+01 1
5.8867e+02 5.1990e+01 1
5.8931e+02 3.8724e+01 1
5.9103e+02 4.4019e+01 1
5.9140e+02 9.1172e+01 1
5.9222e+02 8.9381e+01 1
5.9316e+02 6.6805e+01 1
5.9406e+02 6.6893e+01 1
5.9476e+02 7.4765e+01 1
5.9536e+02 8.0827e+01 1
5.9579e+02 7.5361e+01 1
5.9636e+02 8.3586e+01 1
5.9667e+02 8.6122e+01 1
5.9853e+02 5.8733e+01 1
5.9963e+02 5.9223e+01 1
6.0085e+02 8.5828e+01 1
6.0179e+02 8.0356e+01 1
6.0218e+02 4.3649e+01 1
6.0309e+02 6.8333e+01 1
6.0401e+02 8.6323e+01 1
6.0504e+02 6.5636e+01 1
6.0516e+02 8.7564e+01 1
6.0569e+02 8.1980e+01 1
6.0667e+02 6.5305e+01 1
6.0927e+02 4.6702e+01 1
6.0980e+02 7.9983e+01 1
6.1043e+02 6.6076e+01 1
6.1121e+02 6.7693e+01 1
6.1212e+02 5.0623e+01 1
6.1261e+02 8.0340e+01 1
6.1562e+02 6.7058e+01 1
6.1651e+02 6.9774e+01 1
1.8515e+02 1.8784e+02 2
1.8638e+02 2.1089e+02 2
1.9015e+02 2.0394e+02 2
1.9272e+02 2.0057e+02 2
1.9358e+02 1.9194e+02 2
1.9652e+02 2.0958e+02 2
1.9815e+02 1.9402e+02 2
1.9964e+02 1.8994e+02 2
2.0087e+02 1.9329e+02 2
2.0299e+02 1.9888e+02 2
2.0663e+02 1.9545e+02 2
2.0804e+02 1.9272e+02 2
2.0981e+02 1.8985e+02 2
2.1198e+02 2.0095e+02 2
2.1422e+02 2.0719e+02 2
2.1678e+02 1.9635e+02 2
2.1893e+02 2.1294e+02 2
2.2075e+02 1.9007e+02 2
2.2135e+02 1.9119e+02 2
2.2225e+02 1.8542e+02 2
2.2386e+02 2.1108e+02 2
2.2496e+02 2.0168e+02 2
2.2624e+02 1.9119e+02 2
2.2750e+02 1.9932e+02 2
2.3263e+02 2.0881e+02 2
2.3382e+02 1.9835e+02 2
2.3610e+02 2.0132e+02 2
2.4122e+02 2.0668e+02 2
2.4244e+02 1.9139e+02 2
2.4476e+02 1.8996e+02 2
2.4567e+02 2.0649e+02 2
2.4743e+02 2.0813e+02 2
2.4900e+02 2.0066e+02 2
2.4998e+02 1.9839e+02 2
2.5081e+02 2.0803e+02 2
2.5354e+02 2.1539e+02 2
2.5679e+02 1.9216e+02 2
2.5796e+02 2.0809e+02 2
2.6063e+02 2.1002e+02 2
2.6438e+02 2.0150e+02 2
2.6542e+02 1.9487e+02 2
2.6798e+02 2.0811e+02 2
2.7222e+02 1.8757e+02 2
2.7520e+02 1.9688e+02 2
2.8151e+02 1.9344e+02 2
2.8256e+02 1.9853e+02 2
2.8310e+02 2.0256e+02 2
2.8446e+02 2.1555e+02 2
2.8695e+02 1.9851e+02 2
2.8892e+02 2.1311e+02 2
2.8993e+02 2.0884e+02 2
2.9050e+02 2.0007e+02 2
2.9278e+02 2.0953e+02 2
2.9531e+02 1.8538e+02 2
2.9669e+02 2.0897e+02 2
3.0046e+02 2.1047e+02 2
3.0199e+02 2.1320e+02 2
3.0355e+02 2.1394e+02 2
1.3354e+01 2.6453e+02 3
1.6103e+01 2.5525e+02 3
1.7339e+01 2.4937e+02 3
1.8137e+01 2.5865e+02 3
1.9608e+01 2.6525e+02 3
2.1247e+01 2.6279e+02 3
2.2098e+01 2.8175e+02 3
2.2758e+01 2.4283e+02 3
2.3345e+01 2.5133e+02 3
2.3635e+01 2.4538e+02 3
2.4691e+01 2.7326e+02 3
2.6117e+01 2.4414e+02 3
2.7203e+01 2.5762e+02 3
2.8940e+01 2.4475e+02 3
2.9936e+01 2.3454e+02 3
3.0809e+01 2.3323e+02 3
3.1169e+01 2.8470e+02 3
3.2489e+01 2.6678e+02 3
3.2930e+01 2.7184e+02 3
3.3591e+01 2.8393e+02 3
3.3773e+01 2.8192e+02 3
3.4513e+01 2.7618e+02 3
3.4652e+01 2.5216e+02 3
3.5524e+01 2.4357e+02 3
3.5876e+01 2.4358e+02 3
3.7343e+01 2.3362e+02 3
3.8620e+01 2.4675e+02 3
4.0455e+01 2.5538e+02 3
4.1524e+01 2.8429e+02 3
4.2817e+01 2.4806e+02 3
4.4067e+01 2.8124e+02 3
4.5476e+01 2.7139e+02 3
4.6187e+01 2.8624e+02 3
4.7739e+01 2.5270e+02 3
4.8338e+01 2.5876e+02 3
4.8994e+01 2.3451e+02 3
4.9857e+01 2.5351e+02 3
5.0245e+01 2.3793e+02 3
5.0976e+01 2.6719e+02 3
5.1328e+01 2.7014e+02 3
5.1660e+01 2.6263e+02 3
5.3837e+01 2.9278e+02 3
5.4617e+01 2.9170e+02 3
5.4983e+01 2.3019e+02 3
5.5211e+01 2.9012e+02 3
5.6785e+01 2.5276e+02 3
5.8204e+01 2.7624e+02 3
5.9035e+01 2.7202e+02 3
5.9624e+01 2.8249e+02 3
6.0396e+01 2.3194e+02 3
6.1014e+01 2.4244e+02 3
6.1448e+01 2.4585e+02 3
6.2185e+01 2.6318e+02 3
6.2725e+01 2.4559e+02 3
6.3760e+01 2.7475e+02 3
6.4487e+01 2.3796e+02 3
6.4713e+01 2.5274e+02 3
6.5050e+01 2.2746e+02 3
6.5823e+01 2.9049e+02 3
6.6296e+01 2.6764e+02 3
6.7832e+01 2.8138e+02 3
6.8888e+01 2.2600e+02 3
6.9967e+01 2.4650e+02 3
7.0286e+01 2.6049e+02 3
7.1834e+01 2.2847e+02 3
7.2206e+01 2.4323e+02 3
7.2789e+01 2.8718e+02 3
7.3157e+01 2.9377e+02 3
7.3850e+01 2.6469e+02 3
7.4708e+01 2.6481e+02 3
7.5394e+01 2.5490e+02 3
7.6311e+01 2.4314e+02 3
7.6972e+01 2.8745e+02 3
7.7989e+01 2.3000e+02 3
7.8233e+01 2.6677e+02 3
7.8502e+01 2.3779e+02 3
7.9202e+01 2.8712e+02 3
7.9272e+01 2.4216e+02 3
7.9722e+01 2.6436e+02 3
8.0199e+01 2.9808e+02 3
8.1069e+01 2.6189e+02 3
8.1534e+01 2.7697e+02 3
8.1913e+01 2.3759e+02 3
8.3034e+01 2.4740e+02 3
8.3679e+01 2.4090e+02 3
8.3855e+01 2.9761e+02 3
8.4888e+01 2.5340e+02 3
8.5499e+01 2.3679e+02 3
8.6941e+01 2.3249e+02 3
8.7406e+01 2.9978e+02 3
8.8392e+01 2.3705e+02 3
8.8701e+01 2.5065e+02 3
8.8982e+01 2.9949e+02 3
8.9319e+01 2.2670e+02 3
9.0410e+01 2.5745e+02 3
9.0580e+01 2.3107e+02 3
9.1230e+01 2.6260e+02 3
9.2209e+01 2.2215e+02 3
9.2786e+01 2.2742e+02 3
9.3554e+01 2.9374e+02 3
9.3768e+01 2.9359e+02 3
9.4697e+01 2.5871e+02 3
9.5536e+01 2.3769e+02 3
9.6182e+01 2.2809e+02 3
9.6715e+01 2.2326e+02 3
9.7527e+01 2.7382e+02 3
9.7685e+01 2.7844e+02 3
9.8380e+01 2.8475e+02 3
9.9108e+01 2.9681e+02 3
9.9767e+01 2.2490e+02 3
1.0017e+02 2.2207e+02 3
1.0078e+02 2.7891e+02 3
1.0193e+02 2.6662e+02 3
1.0284e+02 2.4018e+02 3
1.0313e+02 2.3970e+02 3
1.0335e+02 2.5156e+02 3
1.0392e+02 2.6838e+02 3
1.0459e+02 2.7934e+02 3
1.0485e+02 2.6641e+02 3
1.0519e+02 2.6840e+02 3
1.0540e+02 2.6724e+02 3
1.0588e+02 2.4851e+02 3
1.0619e+02 2.8005e+02 3
1.0627e+02 2.2125e+02 3
1.0670e+02 2.5083e+02 3
1.0725e+02 2.3371e+02 3
1.0743e+02 2.6425e+02 3
1.0774e+02 2.3985e+02 3
1.0898e+02 2.6228e+02 3
1.0971e+02 2.7287e+02 3
1.0997e+02 2.9825e+02 3
1.1053e+02 2.2435e+02 3
1.1082e+02 2.2957e+02 3
1.1131e+02 2.2629e+02 3
1.1173e+02 2.7823e+02 3
1.1311e+02 2.6862e+02 3
1.1373e+02 2.8975e+02 3
1.1397e+02 2.3385e+02 3
1.1450e+02 2.2679e+02 3
1.1487e+02 2.9981e+02 3
1.1539e+02 2.7438e+02 3
1.1625e+02 2.8582e+02 3
1.1690e+02 2.3993e+02 3
1.1759e+02 2.7947e+02 3
1.1781e+02 2.9653e+02 3
1.1799e+02 2.9639e+02 3
1.1879e+02 2.2617e+02 3
1.1941e+02 2.9252e+02 3
1.1992e+02 2.7918e+02 3
1.2044e+02 2.8188e+02 3
1.2133e+02 2.7163e+02 3
1.2225e+02 2.7467e+02 3
1.2296e+02 2.7285e+02 3
1.2348e+02 2.6376e+02 3
1.2382e+02 2.9018e+02 3
1.2489e+02 2.2531e+02 3
1.2588e+02 2.3753e+02 3
1.2630e+02 2.4885e+02 3
1.2788e+02 2.7742e+02 3
1.2878e+02 2.5849e+02 3
1.2947e+02 2.5944e+02 3
1.2999e+02 2.6376e+02 3
1.3025e+02 2.5442e+02 3
1.3095e+02 2.8863e+02 3
1.3287e+02 2.3693e+02 3
1.3364e+02 2.8714e+02 3
1.3417e+02 2.6214e+02 3
1.3502e+02 2.4240e+02 3
1.3563e+02 2.8879e+02 3
1.3699e+02 2.7942e+02 3
1.3747e+02 2.4860e+02 3
1.3821e+02 2.5088e+02 3
1.3939e+02 2.5196e+02 3
1.4029e+02 2.8807e+02 3
1.4099e+02 2.5522e+02 3
1.4131e+02 2.7017e+02 3
1.4185e+02 2.3541e+02 3
1.4261e+02 2.4502e+02 3
1.4301e+02 2.3840e+02 3
1.4372e+02 2.7651e+02 3
1.4426e+02 2.3111e+02 3
1.4518e+02 2.5603e+02 3
1.4544e+02 2.7574e+02 3
1.4589e+02 2.5236e+02 3
1.4686e+02 2.6991e+02 3
1.4706e+02 2.5849e+02 3
1.4716e+02 2.3584e+02 3
1.4720e+02 2.3617e+02 3
1.4838e+02 2.5814e+02 3
1.4911e+02 2.5706e+02 3
1.4943e+02 2.5584e+02 3
1.5065e+02 2.8767e+02 3
1.5170e+02 2.5574e+02 3
1.5268e+02 2.6162e+02 3
1.5398e+02 2.7111e+02 3
1.5505e+02 2.8633e+02 3
1.5632e+02 2.6501e+02 3
1.5705e+02 2.8503e+02 3
1.5821e+02 2.7888e+02 3
1.5896e+02 2.4320e+02 3
1.6114e+02 2.3760e+02 3
1.6165e+02 2.4399e+02 3
1.6333e+02 2.8086e+02 3
1.6421e+02 2.8187e+02 3
1.6477e+02 2.8294e+02 3
1.6506e+02 2.4202e+02 3
1.6528e+02 2.8040e+02 3
1.6604e+02 2.4803e+02 3
1.6762e+02 2.4227e+02 3
1.6813e+02 2.7620e+02 3
1.6846e+02 2.6897e+02 3
1.6948e+02 2.6789e+02 3
1.7025e+02 2.4949e+02 3
1.7098e+02 2.7326e+02 3
1.7151e+02 2.5362e+02 3
1.7178e+02 2.6914e+02 3
1.7284e+02 2.5727e+02 3
1.7395e+02 2.6578e+02 3
1.7414e+02 2.7081e+02 3
1.7586e+02 2.7227e+02 3
1.7718e+02 2.5550e+02 3
1.7726e+02 2.6448e+02 3
1.7895e+02 2.4389e+02 3
1.8154e+02 2.8188e+02 3
1.8272e+02 2.5111e+02 3
1.8345e+02 2.6758e+02 3
1.8419e+02 2.4699e+02 3
1.8534e+02 2.7050e+02 3
1.8651e+02 2.4298e+02 3
1.8891e+02 2.4102e+02 3
1.9167e+02 2.4318e+02 3
1.9263e+02 2.7593e+02 3
1.9444e+02 2.6944e+02 3
1.9576e+02 2.6255e+02 3
1.9694e+02 2.4755e+02 3
1.9708e+02 2.7464e+02 3
1.9851e+02 2.7288e+02 3
2.0007e+02 2.7056e+02 3
2.0078e+02 2.6912e+02 3
2.0284e+02 2.5987e+02 3
2.0390e+02 2.4453e+02 3
2.0479e+02 2.5022e+02 3
2.0547e+02 2.4835e+02 3
2.0806e+02 2.5804e+02 3
2.0868e+02 2.5933e+02 3
2.1016e+02 2.6593e+02 3
2.1074e+02 2.4563e+02 3
2.1305e+02 2.3904e+02 3
2.1369e+02 2.5462e+02 3
2.1488e+02 2.5398e+02 3
2.1603e+02 2.6500e+02 3
2.1735e+02 2.6620e+02 3
2.1858e+02 2.5590e+02 3
2.1885e+02 2.4359e+02 3
2.1971e+02 2.4283e+02 3
2.2150e+02 2.3612e+02 3
2.2371e+02 2.4264e+02 3
2.2435e+02 2.5933e+02 3
2.2557e+02 2.4848e+02 3
2.2935e+02 2.3740e+02 3
2.3313e+02 2.3692e+02 3
2.3331e+02 2.5828e+02 3
2.3490e+02 2.5612e+02 3
2.3616e+02 2.4055e+02 3
2.3798e+02 2.5333e+02 3
2.3934e+02 2.5118e+02 3
2.4035e+02 2.4440e+02 3
2.4313e+02 2.5479e+02 3
2.4350e+02 2.4839e+02 3
2.4473e+02 2.4756e+02 3
2.4548e+02 2.5589e+02 3
2.4750e+02 2.5889e+02 3
2.4993e+02 2.3403e+02 3
2.5173e+02 2.6092e+02 3
2.5299e+02 2.4880e+02 3
2.5410e+02 2.5173e+02 3
2.5541e+02 2.4318e+02 3
2.5888e+02 2.3601e+02 3
2.6015e+02 2.5896e+02 3
2.6169e+02 2.5390e+02 3
2.6496e+02 2.4582e+02 3
2.6776e+02 2.5476e+02 3
2.7193e+02 2.5324e+02 3
2.7219e+02 2.4648e+02 3
2.7316e+02 2.4821e+02 3
2.7468e+02 2.5609e+02 3
2.7612e+02 2.3806e+02 3
2.7731e+02 2.4062e+02 3
2.7812e+02 2.6205e+02 3
2.8071e+02 2.5808e+02 3
2.8172e+02 2.4660e+02 3
2.8194e+02 2.3678e+02 3
2.8271e+02 2.4969e+02 3
2.8312e+02 2.6358e+02 3
2.8398e+02 2.5735e+02 3
2.8454e+02 2.6332e+02 3
2.8705e+02 2.6216e+02 3
2.8893e+02 2.6054e+02 3
2.8931e+02 2.5522e+02 3
2.8994e+02 2.5036e+02 3
2.9161e+02 2.6734e+02 3
2.9195e+02 2.6728e+02 3
2.9240e+02 2.5232e+02 3
2.9302e+02 2.5516e+02 3
2.9500e+02 2.6037e+02 3
2.9618e+02 2.3724e+02 3
2.9762e+02 2.5216e+02 3
2.9842e+02 2.6414e+02 3
2.9981e+02 2.6305e+02 3
3.0056e+02 2.6902e+02 3
3.0420e+02 2.7156e+02 3
3.0743e+02 2.7468e+02 3
3.0816e+02 2.7314e+02 3
3.0893e+02 2.4799e+02 3
3.1006e+02 2.5142e+02 3
3.1314e+02 2.6605e+02 3
3.1367e+02 2.4767e+02 3
3.1485e+02 2.5421e+02 3
3.1710e+02 2.7384e+02 3
3.1845e+02 2.6677e+02 3
3.1886e+02 2.7769e+02 3
3.2015e+02 2.4513e+02 3
3.2088e+02 2.5493e+02 3
3.2159e+02 2.4354e+02 3
3.2335e+02 2.5764e+02 3
3.2452e+02 2.4311e+02 3
3.2526e+02 2.5474e+02 3
3.2660e+02 2.5402e+02 3
3.2783e+02 2.4955e+02 3
3.2823e+02 2.6365e+02 3
3.2936e+02 2.6438e+02 3
3.3110e+02 2.6424e+02 3
3.3334e+02 2.7638e+02 3
3.3424e+02 2.6399e+02 3
3.3558e+02 2.6976e+02 3
3.3678e+02 2.4585e+02 3
3.3725e+02 2.4352e+02 3
3.3866e+02 2.6205e+02 3
3.3914e+02 2.3776e+02 3
3.4037e+02 2.7362e+02 3
3.4152e+02 2.8225e+02 3
3.4265e+02 2.8041e+02 3
3.4352e+02 2.6932e+02 3
3.4431e+02 2.5246e+02 3
3.4497e+02 2.4400e+02 3
3.4704e+02 2.5548e+02 3
3.4765e+02 2.8593e+02 3
3.4842e+02 2.7387e+02 3
3.4874e+02 2.4450e+02 3
3.4945e+02 2.4682e+02 3
3.4976e+02 2.8690e+02 3
3.4989e+02 2.7184e+02 3
3.5166e+02 2.7456e+02 3
3.5221e+02 2.3505e+02 3
3.5271e+02 2.5267e+02 3
3.5429e+02 2.3534e+02 3
3.5477e+02 2.5354e+02 3
3.5636e+02 2.5034e+02 3
3.5663e+02 2.7058e+02 3
3.5771e+02 2.4376e+02 3
3.5855e+02 2.7069e+02 3
3.5885e+02 2.7635e+02 3
3.6009e+02 2.5986e+02 3
3.6079e+02 2.7175e+02 3
3.6222e+02 2.7679e+02 3
3.6295e+02 2.5407e+02 3
3.6359e+02 2.7218e+02 3
3.6375e+02 2.9632e+02 3
3.6426e+02 2.6606e+02 3
3.6545e+02 2.6477e+02 3
3.6578e+02 2.8973e+02 3
3.6716e+02 2.7671e+02 3
3.6770e+02 2.7898e+02 3
3.6813e+02 2.6563e+02 3
3.6867e+02 2.3520e+02 3
3.6980e+02 2.7756e+02 3
3.7083e+02 2.2520e+02 3
3.7240e+02 2.2811e+02 3
3.7383e+02 2.7052e+02 3
3.7402e+02 2.6954e+02 3
3.7470e+02 2.2663e+02 3
3.7534e+02 2.7645e+02 3
3.7620e+02 2.4159e+02 3
3.7660e+02 2.3707e+02 3
3.7703e+02 2.6693e+02 3
3.7709e+02 2.4807e+02 3
3.7739e+02 2.2001e+02 3
3.7783e+02 2.4825e+02 3
3.7837e+02 2.7432e+02 3
3.7850e+02 2.4002e+02 3
3.7914e+02 2.2545e+02 3
3.7945e+02 2.6972e+02 3
3.7964e+02 2.3492e+02 3
3.8123e+02 2.8604e+02 3
3.8142e+02 2.6762e+02 3
3.8181e+02 2.3074e+02 3
3.8234e+02 2.6201e+02 3
3.8285e+02 2.3451e+02 3
3.8310e+02 2.4197e+02 3
3.8356e+02 2.9212e+02 3
3.8407e+02 2.3075e+02 3
3.8469e+02 2.6253e+02 3
3.8556e+02 2.9105e+02 3
3.8626e+02 3.0040e+02 3
3.8673e+02 2.7562e+02 3
3.8725e+02 2.2696e+02 3
3.8745e+02 2.2663e+02 3
3.8782e+02 2.8982e+02 3
3.8811e+02 2.6038e+02 3
3.8874e+02 2.3374e+02 3
3.8897e+02 2.9124e+02 3
3.8940e+02 2.4302e+02 3
3.9071e+02 2.2609e+02 3
3.9267e+02 2.6443e+02 3
3.9303e+02 2.8846e+02 3
3.9443e+02 2.9837e+02 3
3.9491e+02 2.5206e+02 3
3.9593e+02 3.0186e+02 3
3.9614e+02 2.7681e+02 3
3.9676e+02 2.6338e+02 3
3.9719e+02 2.3513e+02 3
3.9746e+02 2.2940e+02 3
3.9786e+02 2.5951e+02 3
3.9833e+02 2.4337e+02 3
3.9863e+02 2.3525e+02 3
3.9949e+02 2.2900e+02 3
4.0010e+02 2.4548e+02 3
4.0021e+02 2.4673e+02 3
4.0060e+02 2.7677e+02 3
4.0111e+02 2.7356e+02 3
4.0160e+02 2.5428e+02 3
4.0215e+02 2.8664e+02 3
4.0289e+02 2.9783e+02 3
4.0428e+02 2.9783e+02 3
4.0436e+02 2.9165e+02 3
4.0495e+02 2.8954e+02 3
4.0516e+02 2.9344e+02 3
4.0549e+02 2.9594e+02 3
4.0585e+02 2.8293e+02 3
4.0632e+02 2.3151e+02 3
4.0682e+02 2.6606e+02 3
4.0835e+02 2.7323e+02 3
4.0906e+02 2.4386e+02 3
4.0932e+02 2.5515e+02 3
4.0962e+02 2.8993e+02 3
4.0989e+02 2.6907e+02 3
4.1088e+02 2.8778e+02 3
4.1121e+02 2.6277e+02 3
4.1146e+02 2.4746e+02 3
4.1246e+02 2.3684e+02 3
4.1323e+02 2.7597e+02 3
4.1370e+02 2.2717e+02 3
4.1465e+02 2.3828e+02 3
4.1478e+02 2.3550e+02 3
4.1527e+02 2.6151e+02 3
4.1608e+02 2.5790e+02 3
4.1632e+02 2.8292e+02 3
4.1689e+02 2.9151e+02 3
4.1776e+02 2.6845e+02 3
4.1844e+02 2.5998e+02 3
4.1922e+02 2.6852e+02 3
4.2053e+02 2.9144e+02 3
4.2063e+02 2.3250e+02 3
4.2082e+02 2.7679e+02 3
4.2135e+02 2.5043e+02 3
4.2153e+02 2.3138e+02 3
4.2191e+02 2.9344e+02 3
4.2213e+02 2.9287e+02 3
4.2316e+02 2.3424e+02 3
4.2401e+02 2.5247e+02 3
4.2488e+02 2.4129e+02 3
4.2568e+02 2.7917e+02 3
4.2650e+02 2.5042e+02 3
4.2668e+02 2.4664e+02 3
4.2745e+02 2.3327e+02 3
4.2906e+02 2.6617e+02 3
4.2956e+02 2.7743e+02 3
4.3001e+02 2.3490e+02 3
4.3083e+02 2.4760e+02 3
4.3203e+02 2.6774e+02 3
4.3240e+02 2.3709e+02 3
4.3300e+02 2.5406e+02 3
4.3345e+02 2.4556e+02 3
4.3483e+02 2.8910e+02 3
4.3573e+02 2.4801e+02 3
4.3696e+02 2.3821e+02 3
4.3752e+02 2.8610e+02 3
4.3782e+02 2.5618e+02 3
4.3822e+02 2.3125e+02 3
4.3860e+02 2.3697e+02 3
4.3945e+02 2.4077e+02 3
4.4010e+02 2.5124e+02 3
4.4069e+02 2.6663e+02 3
4.4145e+02 2.3877e+02 3
4.4187e+02 2.3319e+02 3
4.4257e+02 2.3704e+02 3
4.4365e+02 2.3960e+02 3
4.4409e+02 2.5306e+02 3
4.4534e+02 2.7326e+02 3
4.4643e+02 2.4671e+02 3
4.4686e+02 2.4473e+02 3
4.4786e+02 2.3877e+02 3
4.4902e+02 2.4092e+02 3
4.4961e+02 2.5374e+02 3
4.5168e+02 2.6529e+02 3
4.5221e+02 2.4238e+02 3
4.5372e+02 2.5844e+02 3
4.5492e+02 2.6377e+02 3
4.5536e+02 2.8024e+02 3
4.5672e+02 2.7288e+02 3
4.5772e+02 2.6540e+02 3
4.5862e+02 2.4038e+02 3
4.5911e+02 2.6338e+02 3
4.5997e+02 2.7532e+02 3
4.6080e+02 2.6604e+02 3
4.6170e+02 2.7738e+02 3
4.6347e+02 2.6084e+02 3
4.6485e+02 2.7371e+02 3
4.6670e+02 2.6118e+02 3
2.0026e+01 8.8356e+01 4
2.0925e+01 6.7440e+01 4
2.2487e+01 5.1786e+01 4
2.2816e+01 7.9416e+01 4
2.3583e+01 4.5891e+01 4
2.4731e+01 7.1788e+01 4
2.5363e+01 8.3041e+01 4
2.5619e+01 3.5879e+01 4
2.5866e+01 1.0442e+02 4
2.6267e+01 9.8659e+01 4
2.7143e+01 8.6854e+01 4
2.7569e+01 6.3439e+01 4
2.8136e+01 5.2202e+01 4
2.8708e+01 7.0100e+01 4
3.0002e+01 8.6534e+01 4
3.0529e+01 5.0283e+01 4
3.1439e+01 5.9060e+01 4
3.1778e+01 3.1640e+01 4
3.2362e+01 6.0976e+01 4
3.3102e+01 4.2576e+01 4
3.3816e+01 6.3395e+01 4
3.4528e+01 4.2590e+01 4
3.5083e+01 8.2876e+01 4
3.5587e+01 3.5094e+01 4
3.5876e+01 8.4028e+01 4
3.6332e+01 4.4874e+01 4
3.8016e+01 6.3307e+01 4
3.8977e+01 1.0136e+02 4
3.9977e+01 3.5651e+01 4
4.0739e+01 1.0163e+02 4
4.1284e+01 9.9463e+01 4
4.1571e+01 7.0988e+01 4
4.2029e+01 9.6977e+01 4
4.2703e+01 4.2245e+01 4
4.3616e+01 9.9011e+01 4
4.4274e+01 9.7434e+01 4
4.4549e+01 9.6843e+01 4
4.5227e+01 6.4844e+01 4
4.6879e+01 1.0536e+02 4
4.7229e+01 4.1339e+01 4
4.7812e+01 7.3610e+01 4
4.8172e+01 3.7776e+01 4
4.8445e+01 1.0160e+02 4
4.8882e+01 9.6462e+01 4
4.9213e+01 3.7181e+01 4
5.0837e+01 6.8983e+01 4
5.2087e+01 3.9576e+01 4
5.2683e+01 9.7493e+01 4
5.2851e+01 7.0693e+01 4
5.3586e+01 4.4759e+01 4
5.3813e+01 7.4661e+01 4
5.4275e+01 3.9558e+01 4
5.4604e+01 6.8790e+01 4
5.5701e+01 4.1258e+01 4
5.6304e+01 1.0348e+02 4
5.6559e+01 4.8611e+01 4
5.7978e+01 7.3950e+01 4
5.8987e+01 8.3099e+01 4
5.9405e+01 7.2465e+01 4
6.0345e+01 8.4563e+01 4
6.0880e+01 5.6087e+01 4
6.1323e+01 9.1239e+01 4
6.1968e+01 7.8091e+01 4
6.2304e+01 4.1510e+01 4
6.3227e+01 7.6938e+01 4
6.4075e+01 7.6453e+01 4
6.5200e+01 4.5738e+01 4
6.5767e+01 7.4248e+01 4
6.6027e+01 5.9450e+01 4
6.6414e+01 4.9308e+01 4
6.7068e+01 5.4264e+01 4
6.7789e+01 3.3516e+01 4
6.8005e+01 9.0836e+01 4
6.8440e+01 8.4090e+01 4
6.9243e+01 7.3506e+01 4
6.9941e+01 6.7454e+01 4
7.0515e+01 7.6681e+01 4
7.0619e+01 6.8005e+01 4
7.1443e+01 6.2345e+01 4
7.2225e+01 7.3661e+01 4
7.2823e+01 5.5906e+01 4
7.3081e+01 5.7281e+01 4
7.4597e+01 8.8148e+01 4
7.4891e+01 9.2013e+01 4
7.5352e+01 4.2168e+01 4
7.6402e+01 4.6526e+01 4
7.6924e+01 9.7468e+01 4
7.7354e+01 4.2696e+01 4
7.7609e+01 4.9547e+01 4
7.7998e+01 5.1452e+01 4
7.8273e+01 6.7935e+01 4
7.8672e+01 8.1344e+01 4
7.9841e+01 3.7471e+01 4
8.0276e+01 9.9507e+01 4
8.0807e+01 6.6626e+01 4
8.1264e+01 3.7297e+01 4
8.2573e+01 4.3318e+01 4
8.2845e+01 6.2738e+01 4
8.4769e+01 3.3369e+01 4
8.4950e+01 4.6428e+01 4
8.5310e+01 6.9209e+01 4
8.5528e+01 4.3019e+01 4
8.6174e+01 8.7700e+01 4
8.7064e+01 4.5155e+01 4
8.7264e+01 4.1933e+01 4
8.7621e+01 7.9009e+01 4
8.8040e+01 4.2651e+01 4
8.8358e+01 8.3503e+01 4
8.8661e+01 5.0492e+01 4
8.9681e+01 6.2352e+01 4
8.9819e+01 3.5200e+01 4
9.0149e+01 8.0837e+01 4
9.0417e+01 8.6464e+01 4
9.1178e+01 9.3144e+01 4
9.2234e+01 5.8324e+01 4
9.3430e+01 6.9424e+01 4
9.3843e+01 4.3443e+01 4
9.4526e+01 8.6049e+01 4
9.5324e+01 5.3040e+01 4
9.5511e+01 6.0079e+01 4
9.6416e+01 6.5625e+01 4
9.7569e+01 6.7920e+01 4
9.8308e+01 1.0031e+02 4
9.9007e+01 3.6435e+01 4
9.9209e+01 6.3846e+01 4
9.9495e+01 5.7019e+01 4
1.0015e+02 7.9893e+01 4
1.0163e+02 7.7737e+01 4
1.0282e+02 7.7927e+01 4
1.0306e+02 4.0985e+01 4
1.0386e+02 8.1621e+01 4
1.0477e+02 8.1393e+01 4
1.0607e+02 1.0083e+02 4
1.0657e+02 7.6381e+01 4
1.0764e+02 4.0477e+01 4
1.0824e+02 4.9247e+01 4
1.0843e+02 7.8291e+01 4
1.0901e+02 5.0542e+01 4
1.0988e+02 9.3396e+01 4
1.1131e+02 3.6873e+01 4
1.1195e+02 7.7803e+01 4
1.1219e+02 6.8448e+01 4
1.1291e+02 8.2451e+01 4
1.1344e+02 7.2410e+01 4
1.1382e+02 4.2075e+01 4
1.1425e+02 9.4967e+01 4
1.1478e+02 3.6421e+01 4
1.1521e+02 7.3147e+01 4
1.1534e+02 4.1516e+01 4
1.1580e+02 4.7128e+01 4
1.1629e+02 6.3513e+01 4
1.1689e+02 3.8559e+01 4
1.1756e+02 6.5505e+01 4
1.1775e+02 4.3494e+01 4
1.1867e+02 8.4298e+01 4
1.1969e+02 8.0956e+01 4
1.2049e+02 9.7901e+01 4
1.2128e+02 9.4189e+01 4
1.2234e+02 6.0263e+01 4
1.2396e+02 8.8871e+01 4
1.2464e+02 9.7045e+01 4
1.2482e+02 5.6081e+01 4
1.2601e+02 4.9435e+01 4
1.2674e+02 6.1510e+01 4
1.2696e+02 7.8826e+01 4
1.2727e+02 7.6188e+01 4
1.2896e+02 6.7193e+01 4
1.2969e+02 7.5267e+01 4
1.3108e+02 4.9239e+01 4
1.3151e+02 9.2707e+01 4
1.3187e+02 4.8172e+01 4
1.3221e+02 7.0671e+01 4
1.3247e+02 7.8561e+01 4
1.3288e+02 8.2874e+01 4
1.3318e+02 9.0397e+01 4
1.3375e+02 9.3225e+01 4
1.3441e+02 8.0027e+01 4
1.3689e+02 6.3247e+01 4
1.3756e+02 8.2487e+01 4
1.3832e+02 5.2055e+01 4
1.3910e+02 8.8590e+01 4
1.3925e+02 5.2484e+01 4
1.3986e+02 8.1763e+01 4
1.4033e+02 9.0265e+01 4
1.4081e+02 5.2179e+01 4
1.4116e+02 6.1581e+01 4
1.4149e+02 9.2940e+01 4
1.4231e+02 6.3537e+01 4
1.4304e+02 5.7887e+01 4
1.4407e+02 5.0124e+01 4
1.4562e+02 7.0385e+01 4
1.4678e+02 7.7422e+01 4
1.4770e+02 8.4201e+01 4
1.4892e+02 4.2972e+01 4
1.4904e+02 7.5295e+01 4
1.4959e+02 4.2701e+01 4
1.4992e+02 5.9291e+01 4
1.5207e+02 4.3234e+01 4
1.5247e+02 9.5420e+01 4
1.5288e+02 7.1206e+01 4
1.5372e+02 8.7626e+01 4
1.5413e+02 9.6510e+01 4
1.5439e+02 4.6112e+01 4
1.5469e+02 3.9223e+01 4
1.5518e+02 6.9093e+01 4
1.5620e+02 8.1210e+01 4
1.5685e+02 9.1208e+01 4
1.5762e+02 8.8902e+01 4
1.5801e+02 8.8120e+01 4
1.5828e+02 8.8965e+01 4
1.5861e+02 4.2570e+01 4
1.6118e+02 7.7037e+01 4
1.6147e+02 7.1657e+01 4
1.6231e+02 8.9163e+01 4
1.6353e+02 8.8975e+01 4
1.6377e+02 6.5833e+01 4
1.6534e+02 6.2451e+01 4
1.6770e+02 8.2038e+01 4
1.6823e+02 6.0035e+01 4
1.6866e+02 5.4343e+01 4
1.6922e+02 8.3732e+01 4
1.7069e+02 7.5392e+01 4
1.7099e+02 6.7087e+01 4
1.7125e+02 6.9994e+01 4
1.7160e+02 7.2319e+01 4
1.7209e+02 5.4770e+01 4
1.7431e+02 6.3590e+01 4
1.7496e+02 5.1181e+01 4
1.7531e+02 5.7132e+01 4
1.7568e+02 8.5154e+01 4
1.7622e+02 6.0676e+01 4
1.7742e+02 4.8042e+01 4
1.7853e+02 3.8528e+01 4
1.7929e+02 3.8267e+01 4
1.8032e+02 6.1561e+01 4
1.8217e+02 4.0855e+01 4
1.8269e+02 5.0331e+01 4
1.8339e+02 8.5896e+01 4
1.8361e+02 6.8512e+01 4
1.8459e+02 7.6374e+01 4
1.8547e+02 7.4380e+01 4
1.8561e+02 7.7854e+01 4
1.8594e+02 6.0224e+01 4
1.8614e+02 6.1699e+01 4
1.8644e+02 6.4750e+01 4
1.8670e+02 9.1046e+01 4
1.8769e+02 6.2835e+01 4
1.8795e+02 9.1721e+01 4
1.8872e+02 5.9453e+01 4
1.8972e+02 5.5706e+01 4
1.9086e+02 4.7475e+01 4
1.9162e+02 9.3426e+01 4
1.9277e+02 5.7081e+01 4
1.9339e+02 6.9729e+01 4
1.9474e+02 8.8856e+01 4
1.9495e+02 8.5251e+01 4
1.9638e+02 6.1135e+01 4
1.9738e+02 9.1451e+01 4
1.9815e+02 7.0459e+01 4
1.9890e+02 9.2014e+01 4
1.9935e+02 4.5374e+01 4
2.0018e+02 9.0579e+01 4
2.0029e+02 7.1313e+01 4
2.0100e+02 9.4303e+01 4
2.0227e+02 4.4882e+01 4
2.0337e+02 6.6095e+01 4
2.0507e+02 7.5118e+01 4
2.0572e+02 5.0086e+01 4
2.0660e+02 3.9759e+01 4
2.0720e+02 4.4224e+01 4
2.0858e+02 8.8991e+01 4
2.0938e+02 7.4420e+01 4
2.1051e+02 6.6553e+01 4
2.1121e+02 8.7259e+01 4
2.1205e+02 6.2406e+01 4
2.1365e+02 5.6196e+01 4
2.1414e+02 5.2492e+01 4
2.1533e+02 6.2461e+01 4
2.1571e+02 5.1128e+01 4
2.1666e+02 8.9533e+01 4
2.1696e+02 5.8002e+01 4
2.1756e+02 8.9709e+01 4
2.1814e+02 6.2487e+01 4
2.1871e+02 6.2188e+01 4
2.1977e+02 4.3489e+01 4
2.2022e+02 8.6898e+01 4
2.2060e+02 7.9910e+01 4
2.2207e+02 5.2333e+01 4
2.2348e+02 7.2010e+01 4
2.2434e+02 7.2518e+01 4
2.2553e+02 4.1204e+01 4
2.2620e+02 9.0138e+01 4
2.2677e+02 5.3108e+01 4
2.2709e+02 4.9349e+01 4
2.2905e+02 7.2150e+01 4
2.2981e+02 5.6575e+01 4
2.3013e+02 7.4606e+01 4
2.3216e+02 8.1685e+01 4
2.3335e+02 6.1882e+01 4
2.3418e+02 7.2322e+01 4
2.3456e+02 6.8490e+01 4
2.3512e+02 6.3464e+01 4
2.3637e+02 5.8842e+01 4
2.3796e+02 4.3493e+01 4
2.3950e+02 5.2424e+01 4
2.4038e+02 7.9313e+01 4
2.4128e+02 5.6515e+01 4
2.4271e+02 8.6626e+01 4
2.4385e+02 7.3486e+01 4
2.4433e+02 5.0502e+01 4
2.4550e+02 5.8238e+01 4
2.4760e+02 8.8236e+01 4
2.4902e+02 7.5836e+01 4
2.4992e+02 4.1877e+01 4
2.5063e+02 7.6032e+01 4
2.5121e+02 7.5530e+01 4
2.5294e+02 7.8521e+01 4
2.5673e+02 4.4221e+01 4
2.5769e+02 7.9270e+01 4
2.5845e+02 4.3265e+01 4
2.5940e+02 6.0697e+01 4
2.6053e+02 6.4885e+01 4
2.6095e+02 6.1861e+01 4
2.6214e+02 6.5716e+01 4
2.6349e+02 6.8789e+01 4
2.6456e+02 8.3020e+01 4
2.6594e+02 8.5714e+01 4
2.6715e+02 7.1208e+01 4
2.6758e+02 6.4794e+01 4
2.6857e+02 6.4402e+01 4
2.6883e+02 6.2947e+01 4
2.7019e+02 6.1842e+01 4
2.7091e+02 7.5431e+01 4
2.7225e+02 7.6767e+01 4
2.7406e+02 5.7467e+01 4
2.7471e+02 5.6921e+01 4
2.7583e+02 8.5578e+01 4
2.7674e+02 5.5240e+01 4
2.7699e+02 5.0804e+01 4
2.7820e+02 4.4936e+01 4
2.7865e+02 8.0640e+01 4
2.7998e+02 8.5693e+01 4
2.8054e+02 4.6481e+01 4
2.8102e+02 4.6503e+01 4
2.8158e+02 5.2053e+01 4
2.8177e+02 5.6956e+01 4
2.8245e+02 8.3449e+01 4
2.8478e+02 8.5639e+01 4
2.8535e+02 8.4195e+01 4
2.8582e+02 8.3059e+01 4
2.8670e+02 8.7379e+01 4
2.8792e+02 6.8700e+01 4
2.8877e+02 5.5605e+01 4
2.9072e+02 7.2844e+01 4
2.9194e+02 4.8623e+01 4
2.9311e+02 6.6996e+01 4
2.9528e+02 5.7284e+01 4
2.9716e+02 8.1626e+01 4
2.9762e+02 7.7822e+01 4
3.0062e+02 5.4293e+01 4
3.0124e+02 6.7744e+01 4
3.0201e+02 4.5413e+01 4
3.0221e+02 7.1154e+01 4
3.0325e+02 7.1639e+01 4
3.0464e+02 4.6342e+01 4
3.0599e+02 6.8517e+01 4
3.0778e+02 6.3824e+01 4
3.0877e+02 6.4917e+01 4
3.0912e+02 6.6194e+01 4
3.1016e+02 7.7431e+01 4
3.1126e+02 8.0928e+01 4
3.1214e+02 7.6836e+01 4
3.1288e+02 7.8538e+01 4
3.1432e+02 6.1281e+01 4
3.1544e+02 4.6009e+01 4
3.1611e+02 6.7115e+01 4
3.1804e+02 6.7135e+01 4
3.2077e+02 7.4333e+01 4
3.2216e+02 7.8744e+01 4
3.2398e+02 5.0357e+01 4
3.2643e+02 7.2615e+01 4
3.2747e+02 5.9251e+01 4
3.2844e+02 6.1955e+01 4
3.2915e+02 4.5002e+01 4
3.3004e+02 8.0932e+01 4
3.3171e+02 4.8948e+01 4
3.3427e+02 4.6132e+01 4
3.3521e+02 5.0155e+01 4
3.3656e+02 5.2831e+01 4
3.3724e+02 5.5359e+01 4
3.3827e+02 7.4516e+01 4
3.3926e+02 4.8903e+01 4
3.4086e+02 7.4988e+01 4
3.4172e+02 7.9242e+01 4
3.4230e+02 6.7469e+01 4
3.4349e+02 8.1079e+01 4
3.4424e+02 4.9789e+01 4
3.4602e+02 4.8244e+01 4
3.4760e+02 6.7166e+01 4
3.4830e+02 6.3024e+01 4
3.4974e+02 7.6385e+01 4
3.5090e+02 4.8533e+01 4
3.5180e+02 7.8050e+01 4
3.5298e+02 7.2493e+01 4
3.5422e+02 7.0427e+01 4
3.5512e+02 7.1092e+01 4
3.5643e+02 7.8265e+01 4
3.5741e+02 7.0520e+01 4
3.5785e+02 5.7674e+01 4
3.6126e+02 6.1678e+01 4
3.6212e+02 7.4956e+01 4
3.6383e+02 6.9576e+01 4
3.6416e+02 5.0608e+01 4
3.6517e+02 7.0519e+01 4
3.6682e+02 7.9558e+01 4
3.6749e+02 6.3749e+01 4
3.6862e+02 7.0051e+01 4
3.6974e+02 5.3672e+01 4
3.7087e+02 7.6360e+01 4
3.7112e+02 7.7172e+01 4
3.7194e+02 7.0299e+01 4
3.7281e+02 5.4150e+01 4
3.7389e+02 7.4103e+01 4
3.7561e+02 7.5367e+01 4
3.7580e+02 6.4978e+01 4
3.7816e+02 7.6049e+01 4
3.7977e+02 7.3963e+01 4
3.8134e+02 7.8152e+01 4
3.8171e+02 6.4804e+01 4
3.8433e+02 6.9501e+01 4
3.8618e+02 4.8463e+01 4
3.8753e+02 4.9403e+01 4
3.8847e+02 4.8509e+01 4
3.8993e+02 7.3889e+01 4
3.9038e+02 5.9937e+01 4
3.9179e+02 7.2130e+01 4
3.9293e+02 6.3488e+01 4
3.9355e+02 6.7943e+01 4
3.9463e+02 7.8583e+01 4
3.9564e+02 6.5311e+01 4
3.9671e+02 6.1735e+01 4
3.9950e+02 5.5847e+01 4
4.0020e+02 6.1959e+01 4
4.0088e+02 4.8857e+01 4
4.0144e+02 5.3554e+01 4
4.0196e+02 7.2637e+01 4
4.0287e+02 5.0064e+01 4
4.0421e+02 5.8824e+01 4
4.0513e+02 5.9514e+01 4
4.0646e+02 7.5161e+01 4
4.0773e+02 6.1151e+01 4
4.0952e+02 7.6146e+01 4
4.1074e+02 5.5980e+01 4
4.1246e+02 4.8352e+01 4
4.1475e+02 5.9642e+01 4
4.1658e+02 5.8682e+01 4
4.1747e+02 7.2913e+01 4
4.1948e+02 6.1671e+01 4
4.2154e+02 6.5509e+01 4
4.2286e+02 5.7896e+01 4
4.2331e+02 7.2312e+01 4
4.2488e+02 6.3659e+01 4
4.2730e+02 5.2866e+01 4
4.2831e+02 5.6496e+01 4
4.2949e+02 6.3914e+01 4
4.3146e+02 5.1741e+01 4
4.3182e+02 5.2700e+01 4
4.3335e+02 5.4709e+01 4
4.3472e+02 5.5796e+01 4
4.3570e+02 5.9384e+01 4
4.3619e+02 5.2454e+01 4
4.3805e+02 5.0671e+01 4
4.3949e+02 5.1076e+01 4
4.4030e+02 5.1044e+01 4
4.4253e+02 5.9002e+01 4
4.4436e+02 5.7847e+01 4
4.4585e+02 6.3321e+01 4
4.4701e+02 5.3556e+01 4
4.4825e+02 5.9269e+01 4
4.4925e+02 5.5079e+01 4
4.5106e+02 5.6084e+01 4
4.5223e+02 6.0751e+01 4
4.5529e+02 7.3972e+01 4
4.8087e+02 3.3483e+02 5
4.8522e+02 2.4148e+02 5
4.8604e+02 3.2508e+02 5
4.8636e+02 2.3286e+02 5
4.8676e+02 2.7880e+02 5
4.8770e+02 3.2789e+02 5
4.8812e+02 2.6623e+02 5
4.8882e+02 1.8872e+02 5
4.8966e+02 2.0859e+02 5
4.9014e+02 3.1789e+02 5
4.9101e+02 2.6280e+02 5
4.9187e+02 2.7307e+02 5
4.9252e+02 3.4944e+02 5
4.9327e+02 3.4847e+02 5
4.9384e+02 1.7577e+02 5
4.9451e+02 3.7203e+02 5
4.9483e+02 1.7478e+02 5
4.9531e+02 2.6253e+02 5
4.9570e+02 2.3213e+02 5
4.9573e+02 1.7598e+02 5
4.9606e+02 3.1192e+02 5
4.9621e+02 3.4615e+02 5
4.9708e+02 2.5141e+02 5
4.9759e+02 2.7765e+02 5
4.9862e+02 3.2100e+02 5
4.9935e+02 3.2705e+02 5
5.0026e+02 2.6472e+02 5
5.0090e+02 2.2808e+02 5
5.0206e+02 3.0852e+02 5
5.0241e+02 2.7352e+02 5
5.0381e+02 1.9319e+02 5
5.0541e+02 3.3805e+02 5
5.0623e+02 2.0363e+02 5
5.0666e+02 2.7298e+02 5
5.0710e+02 1.9803e+02 5
5.0787e+02 2.3130e+02 5
5.0816e+02 1.9444e+02 5
5.0852e+02 1.8101e+02 5
5.0963e+02 3.3183e+02 5
5.1006e+02 2.9983e+02 5
5.1100e+02 1.6434e+02 5
5.1127e+02 1.8528e+02 5
5.1205e+02 3.3097e+02 5
5.1247e+02 3.1288e+02 5
5.1271e+02 3.6317e+02 5
5.1343e+02 2.7234e+02 5
5.1394e+02 3.0962e+02 5
5.1490e+02 3.3855e+02 5
5.1549e+02 1.8180e+02 5
5.1564e+02 1.7226e+02 5
5.1597e+02 1.6848e+02 5
5.1688e+02 2.4333e+02 5
5.1725e+02 3.5700e+02 5
5.1750e+02 1.7007e+02 5
5.1789e+02 3.7545e+02 5
5.1863e+02 2.5806e+02 5
5.1891e+02 2.6217e+02 5
5.1905e+02 2.7587e+02 5
5.2130e+02 3.6509e+02 5
5.2158e+02 3.2410e+02 5
5.2192e+02 2.6556e+02 5
5.2217e+02 3.6162e+02 5
5.2266e+02 2.6666e+02 5
5.2331e+02 3.3178e+02 5
5.2352e+02 2.8995e+02 5
5.2410e+02 2.5517e+02 5
5.2506e+02 3.2211e+02 5
5.2568e+02 3.1098e+02 5
5.2641e+02 2.0454e+02 5
5.2684e+02 1.8548e+02 5
5.2710e+02 3.6606e+02 5
5.2781e+02 3.0647e+02 5
5.2844e+02 2.5446e+02 5
5.2927e+02 1.9885e+02 5
5.2963e+02 2.6319e+02 5
5.3013e+02 1.6603e+02 5
5.3080e+02 2.9340e+02 5
5.3112e+02 3.6563e+02 5
5.3146e+02 2.2777e+02 5
5.3170e+02 2.9629e+02 5
5.3202e+02 2.8315e+02 5
5.3213e+02 1.9936e+02 5
5.3265e+02 3.2649e+02 5
5.3288e+02 2.3468e+02 5
5.3319e+02 1.6067e+02 5
5.3388e+02 2.2030e+02 5
5.3415e+02 2.7494e+02 5
5.3492e+02 2.0141e+02 5
5.3543e+02 1.6785e+02 5
5.3598e+02 2.0465e+02 5
5.3621e+02 2.3451e+02 5
5.3662e+02 2.2752e+02 5
5.3675e+02 1.7449e+02 5
5.3733e+02 3.0934e+02 5
5.3752e+02 2.4454e+02 5
5.3882e+02 3.7965e+02 5
5.3919e+02 2.7856e+02 5
5.3977e+02 1.7260e+02 5
5.3984e+02 3.1460e+02 5
5.4004e+02 2.7700e+02 5
5.4039e+02 3.2934e+02 5
5.4061e+02 1.6344e+02 5
5.4088e+02 2.0339e+02 5
5.4160e+02 3.5920e+02 5
5.4196e+02 2.0781e+02 5
5.4308e+02 2.3302e+02 5
5.4327e+02 1.6585e+02 5
5.4426e+02 3.5096e+02 5
5.4444e+02 1.7207e+02 5
5.4503e+02 3.0158e+02 5
5.4530e+02 3.0163e+02 5
5.4566e+02 1.7295e+02 5
5.4598e+02 3.6498e+02 5
5.4691e+02 3.5965e+02 5
5.4825e+02 3.4893e+02 5
5.4834e+02 3.4274e+02 5
5.4863e+02 2.2795e+02 5
5.4903e+02 2.9012e+02 5
5.4956e+02 1.7037e+02 5
5.4999e+02 2.9002e+02 5
5.5243e+02 3.6872e+02 5
2.0163e+01 1.3546e+02 6
2.2540e+01 1.3379e+02 6
2.3601e+01 1.3943e+02 6
2.7562e+01 1.3158e+02 6
2.9526e+01 1.3613e+02 6
3.2592e+01 1.3565e+02 6
3.4601e+01 1.4979e+02 6
3.8274e+01 1.4532e+02 6
4.0537e+01 1.4982e+02 6
4.6921e+01 1.3168e+02 6
4.8715e+01 1.5155e+02 6
5.4139e+01 1.2972e+02 6
5.4596e+01 1.2753e+02 6
5.5752e+01 1.3106e+02 6
5.6923e+01 1.3152e+02 6
5.7837e+01 1.3244e+02 6
5.8408e+01 1.3290e+02 6
5.9909e+01 1.3162e+02 6
6.1463e+01 1.3380e+02 6
6.3280e+01 1.2826e+02 6
6.5549e+01 1.3853e+02 6
6.8142e+01 1.4434e+02 6
7.0974e+01 1.3551e+02 6
7.1675e+01 1.2672e+02 6
7.3756e+01 1.3125e+02 6
7.5710e+01 1.2916e+02 6
7.6753e+01 1.4423e+02 6
7.8764e+01 1.4556e+02 6
8.1256e+01 1.4651e+02 6
8.2402e+01 1.4209e+02 6
8.3626e+01 1.4236e+02 6
8.4094e+01 1.2481e+02 6
8.8248e+01 1.5110e+02 6
8.9820e+01 1.4777e+02 6
9.0210e+01 1.2442e+02 6
9.1216e+01 1.2790e+02 6
9.2038e+01 1.4740e+02 6
9.4980e+01 1.2323e+02 6
9.7174e+01 1.4976e+02 6
9.9236e+01 1.4084e+02 6
9.9415e+01 1.3278e+02 6
1.0070e+02 1.4899e+02 6
1.0172e+02 1.5144e+02 6
1.0219e+02 1.2827e+02 6
1.0234e+02 1.5688e+02 6
1.0467e+02 1.3118e+02 6
1.0595e+02 1.2058e+02 6
1.0642e+02 1.5384e+02 6
1.0915e+02 1.3764e+02 6
1.1061e+02 1.4304e+02 6
1.1265e+02 1.4523e+02 6
1.1374e+02 1.5316e+02 6
1.1779e+02 1.5083e+02 6
1.2013e+02 1.1953e+02 6
1.2234e+02 1.2700e+02 6
1.2297e+02 1.3034e+02 6
1.2442e+02 1.2363e+02 6
1.2607e+02 1.5059e+02 6
1.2850e+02 1.3741e+02 6
1.2980e+02 1.4840e+02 6
1.3100e+02 1.4294e+02 6
1.3299e+02 1.3909e+02 6
1.3895e+02 1.5122e+02 6
1.3972e+02 1.4214e+02 6
1.4103e+02 1.3662e+02 6
1.4393e+02 1.1950e+02 6
1.4509e+02 1.2800e+02 6
1.4714e+02 1.4558e+02 6
1.5087e+02 1.4399e+02 6
1.5157e+02 1.3264e+02 6
1.5264e+02 1.2635e+02 6
1.5482e+02 1.2423e+02 6
1.5556e+02 1.3759e+02 6
1.5669e+02 1.1602e+02 6
1.5946e+02 1.5969e+02 6
1.6065e+02 1.3525e+02 6
1.6182e+02 1.4501e+02 6
1.6387e+02 1.3316e+02 6
1.6445e+02 1.4612e+02 6
1.6641e+02 1.2798e+02 6
1.6788e+02 1.2422e+02 6
1.6886e+02 1.1655e+02 6
1.7005e+02 1.5426e+02 6
1.7416e+02 1.2377e+02 6
1.7645e+02 1.3422e+02 6
1.7870e+02 1.2447e+02 6
1.7960e+02 1.2542e+02 6
1.8072e+02 1.5267e+02 6
1.8314e+02 1.4910e+02 6
1.8567e+02 1.4305e+02 6
1.8906e+02 1.2045e+02 6
1.9010e+02 1.3646e+02 6
1.9179e+02 1.1685e+02 6
1.9238e+02 1.2801e+02 6
1.9363e+02 1.3370e+02 6
1.9439e+02 1.1438e+02 6
1.9574e+02 1.3599e+02 6
1.9860e+02 1.5559e+02 6
1.9947e+02 1.3535e+02 6
2.0043e+02 1.1448e+02 6
2.0399e+02 1.4183e+02 6
2.0619e+02 1.1958e+02 6
2.0679e+02 1.2616e+02 6
2.0783e+02 1.4410e+02 6
2.0859e+02 1.2931e+02 6
2.1167e+02 1.4861e+02 6
2.1274e+02 1.5125e+02 6
2.1378e+02 1.5981e+02 6
2.1620e+02 1.3885e+02 6
2.1727e+02 1.3278e+02 6
2.1963e+02 1.3348e+02 6
2.2002e+02 1.5014e+02 6
2.2109e+02 1.2424e+02 6
2.2145e+02 1.1289e+02 6
2.2224e+02 1.2854e+02 6
2.2332e+02 1.4625e+02 6
2.2530e+02 1.1952e+02 6
2.2619e+02 1.1562e+02 6
2.2715e+02 1.1134e+02 6
2.2800e+02 1.1545e+02 6
2.2906e+02 1.1811e+02 6
2.3187e+02 1.1950e+02 6
2.3256e+02 1.2382e+02 6
2.3306e+02 1.5938e+02 6
2.3397e+02 1.2250e+02 6
2.3554e+02 1.3991e+02 6
2.3632e+02 1.5066e+02 6
2.3702e+02 1.4484e+02 6
2.3819e+02 1.5156e+02 6
2.3869e+02 1.5699e+02 6
2.4052e+02 1.5091e+02 6
2.4228e+02 1.4844e+02 6
2.4297e+02 1.5687e+02 6
2.4375e+02 1.4425e+02 6
2.4448e+02 1.5606e+02 6
2.4496e+02 1.5620e+02 6
2.4611e+02 1.4895e+02 6
2.4641e+02 1.5345e+02 6
2.4858e+02 1.1092e+02 6
2.4914e+02 1.4104e+02 6
2.5000e+02 1.3043e+02 6
2.5176e+02 1.3464e+02 6
2.5277e+02 1.4949e+02 6
2.5469e+02 1.1938e+02 6
2.5490e+02 1.5947e+02 6
2.5567e+02 1.3544e+02 6
2.5668e+02 1.3513e+02 6
2.5702e+02 1.4844e+02 6
2.5889e+02 1.4329e+02 6
2.6113e+02 1.5072e+02 6
2.6135e+02 1.2309e+02 6
2.6248e+02 1.5148e+02 6
2.6342e+02 1.5439e+02 6
2.6457e+02 1.3286e+02 6
2.6527e+02 1.3606e+02 6
2.6564e+02 1.4898e+02 6
2.6654e+02 1.2649e+02 6
2.6839e+02 1.4947e+02 6
2.6899e+02 1.2876e+02 6
2.7046e+02 1.5953e+02 6
2.7210e+02 1.1633e+02 6
2.7280e+02 1.3106e+02 6
2.7396e+02 1.1213e+02 6
2.7463e+02 1.2637e+02 6
2.7543e+02 1.5983e+02 6
2.7602e+02 1.5548e+02 6
2.7640e+02 1.4730e+02 6
2.7733e+02 1.5224e+02 6
2.7888e+02 1.6094e+02 6
2.8024e+02 1.3391e+02 6
2.8097e+02 1.3536e+02 6
2.8177e+02 1.5187e+02 6
2.8266e+02 1.3767e+02 6
2.8510e+02 1.1086e+02 6
2.8611e+02 1.4639e+02 6
2.8704e+02 1.6117e+02 6
2.8800e+02 1.6289e+02 6
2.8874e+02 1.2775e+02 6
2.8927e+02 1.4635e+02 6
2.9028e+02 1.2080e+02 6
2.9059e+02 1.2637e+02 6
2.9173e+02 1.4195e+02 6
2.9222e+02 1.4791e+02 6
2.9323e+02 1.6073e+02 6
2.9420e+02 1.1199e+02 6
2.9448e+02 1.4472e+02 6
2.9758e+02 1.2662e+02 6
2.9834e+02 1.5206e+02 6
3.0021e+02 1.4920e+02 6
3.0048e+02 1.1172e+02 6
3.0149e+02 1.2528e+02 6
3.0199e+02 1.4712e+02 6
3.0351e+02 1.2815e+02 6
3.0450e+02 1.4812e+02 6
3.0484e+02 1.5096e+02 6
3.0502e+02 1.4602e+02 6
3.0532e+02 1.1745e+02 6
3.0689e+02 1.5883e+02 6
3.0890e+02 1.3304e+02 6
3.0951e+02 1.0897e+02 6
3.1099e+02 1.4960e+02 6
3.1273e+02 1.3185e+02 6
3.1397e+02 1.3810e+02 6
3.1474e+02 1.2380e+02 6
3.1503e+02 1.6259e+02 6
3.1811e+02 1.1978e+02 6
3.1864e+02 1.2590e+02 6
3.2005e+02 1.4262e+02 6
3.2124e+02 1.1023e+02 6
3.2377e+02 1.3721e+02 6
3.2511e+02 1.4934e+02 6
3.2609e+02 1.5770e+02 6
3.2694e+02 1.1517e+02 6
3.2772e+02 1.0815e+02 6
3.2809e+02 1.1936e+02 6
3.2857e+02 1.2546e+02 6
3.2888e+02 1.3303e+02 6
3.2907e+02 1.3071e+02 6
3.3130e+02 1.5018e+02 6
3.3278e+02 1.1743e+02 6
3.3296e+02 1.3988e+02 6
3.3318e+02 1.4243e+02 6
3.3407e+02 1.4590e+02 6
3.3473e+02 1.1852e+02 6
3.3561e+02 1.1252e+02 6
3.3605e+02 1.0684e+02 6
3.3646e+02 1.0964e+02 6
3.3730e+02 1.2158e+02 6
3.3898e+02 1.4292e+02 6
3.4008e+02 1.4021e+02 6
3.4073e+02 1.3066e+02 6
3.4143e+02 1.4850e+02 6
3.4214e+02 1.3580e+02 6
3.4256e+02 1.1827e+02 6
3.4276e+02 1.5912e+02 6
3.4335e+02 1.2062e+02 6
3.4576e+02 1.1296e+02 6
3.4618e+02 1.4269e+02 6
3.4701e+02 1.6225e+02 6
3.4832e+02 1.5525e+02 6
3.4885e+02 1.2132e+02 6
3.4927e+02 1.0410e+02 6
3.5027e+02 1.5502e+02 6
3.5136e+02 1.3090e+02 6
3.5218e+02 1.1614e+02 6
3.5260e+02 1.5359e+02 6
3.5353e+02 1.6541e+02 6
3.5396e+02 1.0972e+02 6
3.5490e+02 1.0462e+02 6
3.5547e+02 1.3150e+02 6
3.5641e+02 1.1517e+02 6
3.5790e+02 1.6000e+02 6
3.5874e+02 1.4810e+02 6
3.5971e+02 1.1025e+02 6
3.6088e+02 1.3583e+02 6
3.6179e+02 1.5103e+02 6
3.6299e+02 1.0590e+02 6
3.6399e+02 1.6137e+02 6
3.6435e+02 1.2425e+02 6
3.6507e+02 1.2333e+02 6
3.6571e+02 1.0975e+02 6
3.6614e+02 1.6197e+02 6
3.6736e+02 1.5738e+02 6
3.6811e+02 1.4888e+02 6
3.7016e+02 1.3253e+02 6
3.7034e+02 1.2289e+02 6
3.7190e+02 1.5112e+02 6
3.7214e+02 1.4688e+02 6
3.7281e+02 1.0188e+02 6
3.7357e+02 1.2420e+02 6
3.7481e+02 1.1063e+02 6
3.7501e+02 1.6612e+02 6
3.7549e+02 1.4899e+02 6
3.7600e+02 1.2804e+02 6
3.7654e+02 1.1595e+02 6
3.7754e+02 1.3411e+02 6
3.7941e+02 1.3305e+02 6
3.7988e+02 1.4746e+02 6
3.8049e+02 1.6480e+02 6
3.8094e+02 1.1604e+02 6
3.8199e+02 1.0455e+02 6
3.8241e+02 1.2865e+02 6
3.8311e+02 1.0926e+02 6
3.8337e+02 1.5867e+02 6
3.8388e+02 1.6693e+02 6
3.8480e+02 1.1257e+02 6
3.8569e+02 1.2677e+02 6
3.8650e+02 1.2607e+02 6
3.8688e+02 1.4906e+02 6
3.8811e+02 1.4188e+02 6
3.8945e+02 1.0249e+02 6
3.9153e+02 1.0655e+02 6
3.9247e+02 1.5896e+02 6
3.9336e+02 1.6046e+02 6
3.9391e+02 1.6201e+02 6
3.9439e+02 1.4451e+02 6
3.9491e+02 1.0769e+02 6
3.9540e+02 1.3784e+02 6
3.9585e+02 1.3522e+02 6
3.9678e+02 1.1950e+02 6
3.9764e+02 1.3963e+02 6
3.9916e+02 1.0579e+02 6
3.9992e+02 1.6556e+02 6
4.0125e+02 1.3495e+02 6
4.0210e+02 1.6286e+02 6
4.0261e+02 1.0819e+02 6
4.0361e+02 1.4719e+02 6
4.0520e+02 1.5779e+02 6
4.0595e+02 1.5472e+02 6
4.0665e+02 1.6200e+02 6
4.0827e+02 1.3682e+02 6
4.0947e+02 1.0990e+02 6
4.1108e+02 1.1018e+02 6
4.1227e+02 1.6440e+02 6
4.1342e+02 1.4222e+02 6
4.1393e+02 1.5395e+02 6
4.1468e+02 1.5571e+02 6
4.1576e+02 1.5842e+02 6
4.1595e+02 1.4876e+02 6
4.1751e+02 1.5985e+02 6
4.1831e+02 1.4135e+02 6
4.1954e+02 1.4875e+02 6
4.2044e+02 1.3456e+02 6
4.2100e+02 1.5698e+02 6
4.2131e+02 1.0409e+02 6
4.2153e+02 1.0761e+02 6
4.2301e+02 1.5549e+02 6
4.2371e+02 1.2439e+02 6
4.2465e+02 1.5440e+02 6
4.2593e+02 1.4733e+02 6
4.2689e+02 1.1319e+02 6
4.2780e+02 1.0982e+02 6
4.2938e+02 9.8402e+01 6
4.2975e+02 1.1175e+02 6
4.3033e+02 1.1736e+02 6
4.3111e+02 1.6606e+02 6
4.3172e+02 1.1494e+02 6
4.3227e+02 1.5653e+02 6
4.3254e+02 1.1720e+02 6
4.3309e+02 1.0425e+02 6
4.3412e+02 1.1504e+02 6
4.3525e+02 1.5831e+02 6
4.3582e+02 1.6248e+02 6
4.3696e+02 1.4712e+02 6
4.3815e+02 1.3740e+02 6
4.3875e+02 9.8508e+01 6
4.3958e+02 1.6905e+02 6
4.3969e+02 1.4141e+02 6
4.4025e+02 1.1789e+02 6
4.4214e+02 1.3039e+02 6
4.4270e+02 1.6766e+02 6
4.4302e+02 1.3706e+02 6
4.4390e+02 1.6398e+02 6
4.4452e+02 9.6789e+01 6
4.4523e+02 1.2705e+02 6
4.4552e+02 1.1253e+02 6
4.4605e+02 1.0465e+02 6
4.4679e+02 1.2409e+02 6
4.4762e+02 1.0736e+02 6
4.4803e+02 1.0753e+02 6
4.4851e+02 1.6929e+02 6
4.4934e+02 1.3243e+02 6
4.4989e+02 9.4756e+01 6
4.5060e+02 1.5441e+02 6
4.5176e+02 1.2708e+02 6
4.5249e+02 1.3618e+02 6
4.5289e+02 9.8269e+01 6
4.5445e+02 1.5547e+02 6
4.5485e+02 1.4668e+02 6
1.9630e+01 3.4948e+02 7
2.2691e+01 3.6716e+02 7
2.3878e+01 3.5767e+02 7
2.5846e+01 3.5983e+02 7
2.6461e+01 3.4239e+02 7
2.7403e+01 3.5094e+02 7
2.9272e+01 3.5344e+02 7
3.1412e+01 3.8308e+02 7
3.2358e+01 3.7162e+02 7
3.3132e+01 3.7177e+02 7
3.3892e+01 3.3760e+02 7
3.5600e+01 3.8395e+02 7
3.7084e+01 3.3397e+02 7
3.7494e+01 3.3518e+02 7
3.8315e+01 3.5976e+02 7
3.8604e+01 3.9624e+02 7
3.9737e+01 3.6188e+02 7
4.0679e+01 3.8834e+02 7
4.1653e+01 3.1962e+02 7
4.2345e+01 3.9486e+02 7
4.3797e+01 3.4071e+02 7
4.4178e+01 3.3241e+02 7
4.4706e+01 3.6516e+02 7
4.6428e+01 3.5515e+02 7
4.7515e+01 3.5663e+02 7
4.8115e+01 3.4256e+02 7
4.9459e+01 3.5086e+02 7
5.0221e+01 3.3495e+02 7
5.1055e+01 3.7939e+02 7
5.2212e+01 3.2749e+02 7
5.3565e+01 3.6326e+02 7
5.4699e+01 3.4521e+02 7
5.6059e+01 3.8580e+02 7
5.7262e+01 3.8133e+02 7
5.9588e+01 3.5789e+02 7
6.1471e+01 3.7924e+02 7
6.1998e+01 3.8709e+02 7
6.3099e+01 3.3961e+02 7
6.4309e+01 3.5247e+02 7
6.4903e+01 3.6701e+02 7
6.5812e+01 3.9343e+02 7
6.6669e+01 3.6447e+02 7
6.7612e+01 3.7590e+02 7
6.8008e+01 3.8342e+02 7
6.8789e+01 3.7209e+02 7
7.1037e+01 3.6048e+02 7
7.3940e+01 3.4545e+02 7
7.4735e+01 3.3903e+02 7
7.5428e+01 3.7949e+02 7
7.6856e+01 3.6296e+02 7
7.8884e+01 3.5200e+02 7
7.9650e+01 3.7308e+02 7
8.1327e+01 3.2931e+02 7
8.2628e+01 3.8699e+02 7
8.3230e+01 3.6724e+02 7
8.3711e+01 3.4146e+02 7
8.4957e+01 3.8882e+02 7
8.5270e+01 3.8904e+02 7
8.6209e+01 3.6877e+02 7
8.7567e+01 3.9819e+02 7
9.1831e+01 3.7349e+02 7
9.2391e+01 3.6547e+02 7
9.2829e+01 3.7557e+02 7
9.4331e+01 3.7499e+02 7
9.5679e+01 3.5586e+02 7
9.8554e+01 3.2786e+02 7
1.0036e+02 3.4314e+02 7
1.0136e+02 3.9253e+02 7
1.0268e+02 3.9672e+02 7
1.0328e+02 3.9293e+02 7
1.0401e+02 3.6326e+02 7
1.0479e+02 3.3115e+02 7
1.0512e+02 3.4432e+02 7
1.0615e+02 3.7218e+02 7
1.0852e+02 3.3443e+02 7
1.0874e+02 3.8977e+02 7
1.0996e+02 4.0094e+02 7
1.1122e+02 3.4593e+02 7
1.1278e+02 3.8931e+02 7
1.1384e+02 3.9185e+02 7
1.1493e+02 3.4023e+02 7
1.1526e+02 3.4942e+02 7
1.1656e+02 3.4651e+02 7
1.1692e+02 3.9428e+02 7
1.1889e+02 3.3439e+02 7
1.1960e+02 3.7512e+02 7
1.2038e+02 3.7034e+02 7
1.2083e+02 3.3453e+02 7
1.2275e+02 3.3896e+02 7
1.2551e+02 3.5334e+02 7
1.2619e+02 3.8256e+02 7
1.2719e+02 3.6592e+02 7
1.2791e+02 3.5386e+02 7
1.2830e+02 3.5322e+02 7
1.2939e+02 3.2817e+02 7
1.3054e+02 3.4960e+02 7
1.3086e+02 3.7272e+02 7
1.3172e+02 3.5337e+02 7
1.3264e+02 3.2794e+02 7
1.3388e+02 3.7907e+02 7
1.3488e+02 3.2998e+02 7
1.3531e+02 3.5772e+02 7
1.3701e+02 3.4094e+02 7
1.3744e+02 3.6748e+02 7
1.3835e+02 3.9445e+02 7
1.3928e+02 3.7847e+02 7
1.4005e+02 3.7125e+02 7
1.4079e+02 3.4867e+02 7
1.4172e+02 3.8213e+02 7
1.4370e+02 3.8926e+02 7
1.4451e+02 3.9130e+02 7
1.4528e+02 3.8249e+02 7
1.4674e+02 3.6346e+02 7
1.4780e+02 3.2320e+02 7
1.4865e+02 3.7374e+02 7
1.4975e+02 3.9461e+02 7
1.5014e+02 3.4340e+02 7
1.5239e+02 3.7359e+02 7
1.5276e+02 3.9857e+02 7
1.5449e+02 3.8991e+02 7
1.5507e+02 3.5730e+02 7
1.5774e+02 3.2582e+02 7
1.5924e+02 3.7609e+02 7
1.6020e+02 3.8037e+02 7
1.6199e+02 3.6509e+02 7
1.6286e+02 3.3949e+02 7
1.6431e+02 3.4111e+02 7
1.6481e+02 3.1813e+02 7
1.6637e+02 3.4096e+02 7
1.6825e+02 3.9149e+02 7
1.6913e+02 3.9266e+02 7
1.7175e+02 3.7379e+02 7
1.7326e+02 3.8962e+02 7
1.7348e+02 3.8448e+02 7
1.7426e+02 3.1483e+02 7
1.7470e+02 3.2904e+02 7
1.7531e+02 3.4517e+02 7
1.7593e+02 3.5358e+02 7
1.7714e+02 3.6849e+02 7
1.7787e+02 3.7171e+02 7
1.7818e+02 3.1763e+02 7
1.7913e+02 3.2399e+02 7
1.7937e+02 3.2652e+02 7
1.8001e+02 3.8124e+02 7
1.8072e+02 3.3076e+02 7
1.8161e+02 3.4361e+02 7
1.8361e+02 3.8424e+02 7
1.8455e+02 3.5624e+02 7
1.8485e+02 3.2675e+02 7
1.8552e+02 3.1884e+02 7
1.8598e+02 3.8104e+02 7
1.8606e+02 3.3328e+02 7
1.8707e+02 3.1716e+02 7
1.8773e+02 3.3702e+02 7
1.8853e+02 3.0977e+02 7
1.8978e+02 3.3667e+02 7
1.9208e+02 3.3449e+02 7
1.9297e+02 3.7072e+02 7
1.9323e+02 3.8381e+02 7
1.9400e+02 3.4593e+02 7
1.9462e+02 3.1775e+02 7
1.9540e+02 3.1869e+02 7
1.9570e+02 3.4163e+02 7
1.9712e+02 3.5895e+02 7
1.9769e+02 3.8470e+02 7
1.9843e+02 3.9693e+02 7
1.9965e+02 3.5901e+02 7
2.0039e+02 3.6711e+02 7
2.0141e+02 3.3362e+02 7
2.0213e+02 3.6969e+02 7
2.0303e+02 3.0454e+02 7
2.0349e+02 3.4456e+02 7
2.0363e+02 3.3229e+02 7
2.0547e+02 3.6055e+02 7
2.0598e+02 3.5427e+02 7
2.0785e+02 3.1330e+02 7
2.0883e+02 3.4744e+02 7
2.1018e+02 3.8139e+02 7
2.1108e+02 3.4619e+02 7
2.1222e+02 3.5255e+02 7
2.1244e+02 3.3558e+02 7
2.1271e+02 3.4627e+02 7
2.1297e+02 3.5537e+02 7
2.1352e+02 3.2860e+02 7
2.1434e+02 3.8373e+02 7
2.1478e+02 3.5277e+02 7
2.1584e+02 3.9534e+02 7
2.1628e+02 3.4484e+02 7
2.1669e+02 2.9991e+02 7
2.1701e+02 3.4817e+02 7
2.1793e+02 3.7630e+02 7
2.1822e+02 3.6990e+02 7
2.1917e+02 3.3865e+02 7
2.1997e+02 3.8172e+02 7
2.2020e+02 3.4242e+02 7
2.2101e+02 3.1327e+02 7
2.2148e+02 3.3517e+02 7
2.2234e+02 3.1016e+02 7
2.2350e+02 3.3100e+02 7
2.2391e+02 2.9924e+02 7
2.2466e+02 4.0032e+02 7
2.2486e+02 3.8204e+02 7
2.2620e+02 3.4396e+02 7
2.2748e+02 3.3665e+02 7
2.2853e+02 3.4788e+02 7
2.2916e+02 3.6855e+02 7
2.2926e+02 3.9752e+02 7
2.2974e+02 3.0599e+02 7
2.3224e+02 3.9136e+02 7
2.3293e+02 3.7429e+02 7
2.3361e+02 2.9222e+02 7
2.3448e+02 2.9992e+02 7
2.3485e+02 3.7192e+02 7
2.3544e+02 3.1797e+02 7
2.3589e+02 3.0919e+02 7
2.3643e+02 3.6629e+02 7
2.3750e+02 3.2677e+02 7
2.3833e+02 3.0202e+02 7
2.3851e+02 3.0776e+02 7
2.3923e+02 3.5651e+02 7
2.3950e+02 3.4169e+02 7
2.4020e+02 3.3650e+02 7
2.4047e+02 3.6810e+02 7
2.4159e+02 3.4215e+02 7
2.4189e+02 3.8106e+02 7
2.4297e+02 3.9011e+02 7
2.4332e+02 2.8562e+02 7
2.4448e+02 3.8252e+02 7
2.4478e+02 3.8158e+02 7
2.4525e+02 2.8598e+02 7
2.4608e+02 3.2613e+02 7
2.4713e+02 3.1900e+02 7
2.4782e+02 3.3325e+02 7
2.4812e+02 3.4679e+02 7
2.4859e+02 2.9221e+02 7
2.4981e+02 3.1144e+02 7
2.5029e+02 3.5168e+02 7
2.5171e+02 3.6623e+02 7
2.5287e+02 2.8466e+02 7
2.5322e+02 3.8530e+02 7
2.5366e+02 2.8245e+02 7
2.5375e+02 3.2215e+02 7
2.5404e+02 3.8989e+02 7
2.5436e+02 3.2707e+02 7
2.5518e+02 3.6471e+02 7
2.5563e+02 3.9949e+02 7
2.5592e+02 3.1104e+02 7
2.5696e+02 3.8107e+02 7
2.5724e+02 2.8979e+02 7
2.5806e+02 3.3050e+02 7
2.5915e+02 3.7374e+02 7
2.5977e+02 3.0952e+02 7
2.5990e+02 2.8167e+02 7
2.6123e+02 2.9937e+02 7
2.6200e+02 3.6190e+02 7
2.6241e+02 3.5732e+02 7
2.6369e+02 3.0565e+02 7
2.6398e+02 3.0576e+02 7
2.6476e+02 3.7706e+02 7
2.6561e+02 3.9917e+02 7
2.6655e+02 3.0457e+02 7
2.6670e+02 3.5015e+02 7
2.6708e+02 3.1385e+02 7
2.6745e+02 2.9003e+02 7
2.6775e+02 3.5289e+02 7
2.6821e+02 3.3410e+02 7
2.6860e+02 3.4719e+02 7
2.6907e+02 3.3195e+02 7
2.6956e+02 3.1977e+02 7
2.7060e+02 3.6055e+02 7
2.7077e+02 3.4880e+02 7
2.7138e+02 3.4177e+02 7
2.7155e+02 2.9277e+02 7
2.7227e+02 3.9606e+02 7
2.7329e+02 2.9313e+02 7
2.7385e+02 2.9720e+02 7
2.7446e+02 3.9332e+02 7
2.7502e+02 3.9081e+02 7
2.7596e+02 3.4121e+02 7
2.7638e+02 3.6467e+02 7
2.7724e+02 3.1965e+02 7
2.7764e+02 2.8789e+02 7
2.7787e+02 2.9580e+02 7
2.7870e+02 3.2701e+02 7
2.7989e+02 3.8282e+02 7
2.8058e+02 3.5183e+02 7
2.8157e+02 3.0744e+02 7
2.8176e+02 3.7323e+02 7
2.8216e+02 2.9395e+02 7
2.8232e+02 3.4237e+02 7
2.8266e+02 3.5126e+02 7
2.8345e+02 3.7683e+02 7
2.8471e+02 3.0218e+02 7
2.8514e+02 3.4689e+02 7
2.8572e+02 3.6394e+02 7
2.8586e+02 3.4588e+02 7
2.8625e+02 3.4690e+02 7
2.8668e+02 3.5161e+02 7
2.8724e+02 3.8416e+02 7
2.8833e+02 3.8447e+02 7
2.8867e+02 3.7734e+02 7
2.8925e+02 3.3896e+02 7
2.8952e+02 3.3379e+02 7
2.9063e+02 3.6143e+02 7
2.9138e+02 3.0897e+02 7
2.9220e+02 3.5836e+02 7
2.9254e+02 2.9884e+02 7
2.9336e+02 3.2401e+02 7
2.9375e+02 3.0641e+02 7
2.9418e+02 3.7856e+02 7
2.9461e+02 3.2586e+02 7
2.9656e+02 3.0657e+02 7
2.9696e+02 3.8222e+02 7
2.9821e+02 2.9933e+02 7
2.9867e+02 3.7761e+02 7
3.0012e+02 3.5316e+02 7
3.0100e+02 3.7529e+02 7
3.0139e+02 3.3852e+02 7
3.0258e+02 3.6015e+02 7
3.0304e+02 3.7779e+02 7
3.0378e+02 3.7898e+02 7
3.0423e+02 3.0189e+02 7
3.0517e+02 3.5999e+02 7
3.0565e+02 3.0353e+02 7
3.0758e+02 3.9781e+02 7
3.0852e+02 4.0025e+02 7
3.0930e+02 3.3665e+02 7
3.0999e+02 3.0687e+02 7
3.1080e+02 3.8904e+02 7
3.1113e+02 3.4320e+02 7
3.1165e+02 3.8750e+02 7
3.1285e+02 3.3703e+02 7
3.1327e+02 3.9455e+02 7
3.1377e+02 3.9206e+02 7
3.1473e+02 3.7273e+02 7
3.1501e+02 3.6596e+02 7
3.1738e+02 3.7138e+02 7
3.1791e+02 3.8267e+02 7
3.1899e+02 3.1566e+02 7
3.1965e+02 3.7204e+02 7
3.2065e+02 3.2173e+02 7
3.2121e+02 3.8765e+02 7
3.2173e+02 3.7391e+02 7
3.2240e+02 3.2645e+02 7
3.2313e+02 3.9807e+02 7
3.2495e+02 3.6602e+02 7
3.2534e+02 3.4707e+02 7
3.2604e+02 3.7166e+02 7
3.2778e+02 3.3416e+02 7
3.2851e+02 3.2334e+02 7
3.2941e+02 3.4043e+02 7
3.3009e+02 3.5012e+02 7
3.3040e+02 3.7188e+02 7
3.3153e+02 3.5149e+02 7
3.3246e+02 3.2733e+02 7
3.3408e+02 3.3927e+02 7
3.3487e+02 3.1180e+02 7
3.3554e+02 3.6742e+02 7
3.3769e+02 3.8481e+02 7
3.3801e+02 3.9024e+02 7
3.3927e+02 3.4246e+02 7
3.3976e+02 3.3452e+02 7
3.4079e+02 3.1900e+02 7
3.4150e+02 3.2283e+02 7
3.4202e+02 3.4290e+02 7
3.4247e+02 3.5859e+02 7
3.4296e+02 3.4680e+02 7
3.4330e+02 3.1526e+02 7
3.4361e+02 3.8637e+02 7
3.4385e+02 3.6911e+02 7
3.4475e+02 3.4870e+02 7
3.4561e+02 3.4917e+02 7
3.4735e+02 3.7337e+02 7
3.4769e+02 3.5934e+02 7
3.4856e+02 3.9740e+02 7
3.4929e+02 3.9496e+02 7
3.4984e+02 3.3145e+02 7
3.5170e+02 3.5046e+02 7
3.5363e+02 3.3831e+02 7
3.5438e+02 3.6592e+02 7
3.5543e+02 3.1759e+02 7
3.5651e+02 3.2423e+02 7
3.5694e+02 3.7443e+02 7
3.5754e+02 3.6015e+02 7
3.5871e+02 3.9404e+02 7
3.5902e+02 3.8616e+02 7
3.5923e+02 3.6982e+02 7
3.5988e+02 3.6527e+02 7
3.6019e+02 3.2000e+02 7
3.6099e+02 3.7084e+02 7
3.6118e+02 3.2337e+02 7
3.6198e+02 3.4043e+02 7
3.6355e+02 3.5057e+02 7
3.6414e+02 3.8977e+02 7
3.6431e+02 4.0075e+02 7
3.6487e+02 3.7131e+02 7
3.6527e+02 3.9451e+02 7
3.6719e+02 3.7716e+02 7
3.6810e+02 3.2242e+02 7
3.6888e+02 3.8101e+02 7
3.7046e+02 3.8554e+02 7
3.7119e+02 3.7383e+02 7
3.7302e+02 3.6412e+02 7
3.7396e+02 3.2258e+02 7
3.7493e+02 3.7948e+02 7
3.7529e+02 3.8535e+02 7
3.7626e+02 3.3719e+02 7
3.7905e+02 3.2504e+02 7
3.7997e+02 3.7665e+02 7
3.8125e+02 3.8260e+02 7
3.8227e+02 3.3068e+02 7
3.8288e+02 3.6174e+02 7
3.8353e+02 3.9237e+02 7
3.8512e+02 3.5970e+02 7
3.8633e+02 3.3824e+02 7
3.8680e+02 3.6483e+02 7
3.8756e+02 3.9335e+02 7
3.8770e+02 3.8356e+02 7
3.8881e+02 3.2506e+02 7
3.8914e+02 3.8317e+02 7
3.8960e+02 3.6631e+02 7
3.9021e+02 3.2570e+02 7
3.9125e+02 3.9110e+02 7
3.9262e+02 3.5118e+02 7
3.9291e+02 3.5054e+02 7
3.9415e+02 3.4531e+02 7
3.9588e+02 3.7784e+02 7
3.9694e+02 3.7152e+02 7
3.9763e+02 3.2144e+02 7
3.9817e+02 3.8601e+02 7
3.9925e+02 3.9395e+02 7
4.0031e+02 3.5742e+02 7
4.0190e+02 3.4985e+02 7
4.0403e+02 3.4876e+02 7
4.0428e+02 3.8983e+02 7
4.0506e+02 3.4871e+02 7
4.0624e+02 3.6289e+02 7
4.0697e+02 3.5245e+02 7
4.0801e+02 3.9371e+02 7
4.0856e+02 3.8309e+02 7
4.0945e+02 3.9800e+02 7
4.1000e+02 3.4628e+02 7
4.1078e+02 3.5199e+02 7
4.1266e+02 3.8255e+02 7
4.1355e+02 3.6528e+02 7
4.1573e+02 3.6325e+02 7
4.1707e+02 3.7514e+02 7
4.1748e+02 3.5565e+02 7
4.1850e+02 3.7341e+02 7
4.2089e+02 3.8482e+02 7
4.2199e+02 3.6946e+02 7
4.2457e+02 3.7256e+02 7
4.2584e+02 3.4289e+02 7
4.2749e+02 3.5641e+02 7
4.2994e+02 3.3722e+02 7
4.3043e+02 3.5146e+02 7
4.3151e+02 3.7567e+02 7
4.3245e+02 3.8760e+02 7
4.3312e+02 3.6543e+02 7
4.3413e+02 3.7021e+02 7
4.3478e+02 3.4947e+02 7
4.3593e+02 3.6922e+02 7
4.3683e+02 3.9025e+02 7
4.3805e+02 3.4492e+02 7
4.3831e+02 3.5427e+02 7
4.4018e+02 3.4460e+02 7
4.4139e+02 3.7462e+02 7
4.4301e+02 3.7538e+02 7
4.4523e+02 3.3988e+02 7
4.4654e+02 3.3730e+02 7
4.4672e+02 3.5034e+02 7
4.4758e+02 3.4299e+02 7
4.5162e+02 3.7261e+02 7
4.5314e+02 3.6899e+02 7
4.5407e+02 3.6996e+02 7
4.5656e+02 3.4287e+02 7
4.5894e+02 3.7590e+02 7
4.6057e+02 3.6761e+02 7
4.6157e+02 3.5805e+02 7
4.6267e+02 3.5661e+02 7
4.6331e+02 3.5263e+02 7
4.6568e+02 3.6070e+02 7
4.6662e+02 3.6825e+02 7
4.6865e+02 3.5267e+02 7
5.0403e+02 5.5227e+01 8
5.1074e+02 6.1946e+01 8
5.1303e+02 5.2542e+01 8
5.1369e+02 5.3478e+01 8
5.1658e+02 6.2239e+01 8
5.1712e+02 6.1721e+01 8
5.1954e+02 7.1158e+01 8
5.1979e+02 6.6485e+01 8
5.1983e+02 8.1693e+01 8
5.2021e+02 5.3968e+01 8
5.2066e+02 8.4578e+01 8
5.2105e+02 6.4937e+01 8
5.2390e+02 8.0038e+01 8
5.2420e+02 6.3799e+01 8
5.2479e+02 7.2777e+01 8
5.2618e+02 9.2373e+01 8
5.2726e+02 6.5492e+01 8
5.2874e+02 5.9360e+01 8
5.3002e+02 9.8811e+01 8
5.3345e+02 9.0643e+01 8
5.3364e+02 8.8332e+01 8
5.3459e+02 8.1006e+01 8
5.3604e+02 6.2266e+01 8
5.3782e+02 7.2697e+01 8
5.3811e+02 6.4413e+01 8
5.3866e+02 1.1117e+02 8
5.3934e+02 7.5100e+01 8
5.4013e+02 7.3454e+01 8
5.4019e+02 7.6690e+01 8
5.4115e+02 1.0953e+02 8
5.4182e+02 8.9650e+01 8
5.4287e+02 6.5846e+01 8
5.4392e+02 1.1278e+02 8
5.4625e+02 8.3295e+01 8
5.4725e+02 1.1274e+02 8
5.4802e+02 1.1144e+02 8
5.4818e+02 1.2619e+02 8
5.4855e+02 1.0438e+02 8
5.5122e+02 1.0424e+02 8
5.5198e+02 1.1670e+02 8
5.5278e+02 1.1072e+02 8
5.5414e+02 1.2270e+02 8
5.5464e+02 1.0700e+02 8
5.5481e+02 9.0925e+01 8
5.5608e+02 1.2076e+02 8
5.5659e+02 1.3338e+02 8
5.5684e+02 1.2153e+02 8
5.5714e+02 1.2573e+02 8
5.5744e+02 1.0047e+02 8
5.5866e+02 1.3489e+02 8
5.5949e+02 1.1255e+02 8
5.5999e+02 1.2534e+02 8
5.6038e+02 1.4215e+02 8
5.6128e+02 1.2064e+02 8
5.6248e+02 1.0808e+02 8
5.6317e+02 1.0312e+02 8
5.6380e+02 3.1419e+02 8
5.6401e+02 3.4185e+02 8
5.6468e+02 1.4332e+02 8
5.6485e+02 1.4833e+02 8
5.6507e+02 2.9900e+02 8
5.6525e+02 3.1706e+02 8
5.6544e+02 1.4623e+02 8
5.6600e+02 3.2511e+02 8
5.6611e+02 3.4517e+02 8
5.6622e+02 1.2608e+02 8
5.6652e+02 1.6397e+02 8
5.6662e+02 3.4742e+02 8
5.6686e+02 1.7418e+02 8
5.6696e+02 1.7949e+02 8
5.6722e+02 1.2546e+02 8
5.6729e+02 3.2844e+02 8
5.6745e+02 3.2385e+02 8
5.6756e+02 3.4943e+02 8
5.6788e+02 2.0998e+02 8
5.6795e+02 3.1199e+02 8
5.6804e+02 1.8599e+02 8
5.6839e+02 3.1256e+02 8
5.6856e+02 2.5393e+02 8
5.6872e+02 2.8412e+02 8
5.6883e+02 2.3628e+02 8
5.6891e+02 1.2330e+02 8
5.6911e+02 3.0250e+02 8
5.6937e+02 1.2469e+02 8
5.6949e+02 2.3979e+02 8
5.6968e+02 2.0123e+02 8
5.7021e+02 1.5879e+02 8
5.7051e+02 2.3455e+02 8
5.7088e+02 1.9114e+02 8
5.7099e+02 1.5150e+02 8
5.7103e+02 1.6851e+02 8
5.7120e+02 2.9111e+02 8
5.7153e+02 1.8272e+02 8
5.7188e+02 2.1672e+02 8
5.7206e+02 2.7144e+02 8
5.7226e+02 1.8593e+02 8
5.7234e+02 1.9817e+02 8
5.7257e+02 3.0835e+02 8
5.7282e+02 1.8322e+02 8
5.7295e+02 3.5720e+02 8
5.7326e+02 2.4310e+02 8
5.7338e+02 1.5226e+02 8
5.7391e+02 1.3581e+02 8
5.7409e+02 2.9310e+02 8
5.7457e+02 2.4535e+02 8
5.7486e+02 3.6282e+02 8
5.7502e+02 2.8624e+02 8
5.7513e+02 2.3121e+02 8
5.7546e+02 2.2071e+02 8
5.7577e+02 1.2360e+02 8
5.7596e+02 3.4613e+02 8
5.7615e+02 2.7499e+02 8
5.7629e+02 1.2791e+02 8
5.7638e+02 2.9211e+02 8
5.7685e+02 2.9594e+02 8
5.7707e+02 2.5918e+02 8
5.7722e+02 3.0021e+02 8
5.7736e+02 2.3081e+02 8
5.7750e+02 2.2125e+02 8
5.7755e+02 1.4581e+02 8
5.7780e+02 3.2007e+02 8
5.7794e+02 3.3100e+02 8
5.7818e+02 2.9618e+02 8
5.7820e+02 2.5066e+02 8
5.7828e+02 1.5548e+02 8
5.7840e+02 2.0537e+02 8
5.7849e+02 2.9193e+02 8
5.7885e+02 1.3731e+02 8
5.7905e+02 3.6083e+02 8
5.7918e+02 3.7956e+02 8
5.7928e+02 3.6099e+02 8
5.7940e+02 2.2328e+02 8
5.7968e+02 3.1334e+02 8
5.7984e+02 3.4493e+02 8
5.7996e+02 2.1103e+02 8
5.8004e+02 2.1985e+02 8
5.8041e+02 1.7246e+02 8
5.8045e+02 3.0018e+02 8
5.8073e+02 2.1740e+02 8
5.8092e+02 1.4843e+02 8
5.8099e+02 2.1754e+02 8
5.8103e+02 3.7735e+02 8
5.8133e+02 2.1340e+02 8
5.8166e+02 2.9803e+02 8
5.8191e+02 1.3428e+02 8
5.8219e+02 1.9198e+02 8
5.8249e+02 1.2927e+02 8
5.8258e+02 1.3172e+02 8
5.8288e+02 1.5342e+02 8
5.8316e+02 1.3320e+02 8
5.8346e+02 3.7493e+02 8
5.8361e+02 1.5512e+02 8
5.8379e+02 3.2981e+02 8
5.8383e+02 2.0094e+02 8
5.8395e+02 2.7424e+02 8
5.8407e+02 2.4280e+02 8
5.8417e+02 2.2624e+02 8
5.8461e+02 3.5985e+02 8
5.8468e+02 2.6718e+02 8
5.8472e+02 2.1703e+02 8
5.8492e+02 3.2148e+02 8
5.8522e+02 3.5871e+02 8
5.8536e+02 3.1859e+02 8
5.8568e+02 3.2014e+02 8
5.8601e+02 2.4607e+02 8
5.8619e+02 1.2960e+02 8
5.8639e+02 1.5093e+02 8
5.8658e+02 2.4938e+02 8
5.8682e+02 1.3143e+02 8
5.8709e+02 1.9917e+02 8
5.8726e+02 2.4023e+02 8
5.8736e+02 2.2157e+02 8
5.8744e+02 2.0598e+02 8
5.8759e+02 1.7054e+02 8
5.8781e+02 1.9482e+02 8
5.8792e+02 2.5472e+02 8
5.8806e+02 3.5410e+02 8
5.8819e+02 2.5723e+02 8
5.8826e+02 2.4720e+02 8
5.8829e+02 1.2899e+02 8
5.8850e+02 2.8393e+02 8
5.8898e+02 2.2913e+02 8
5.8902e+02 3.4073e+02 8
5.8926e+02 2.3224e+02 8
5.8954e+02 2.0966e+02 8
5.8979e+02 2.9099e+02 8
5.9003e+02 3.3804e+02 8
5.9025e+02 1.9807e+02 8
5.9040e+02 1.5503e+02 8
5.9056e+02 3.0532e+02 8
5.9080e+02 3.1745e+02 8
5.9111e+02 1.8004e+02 8
5.9116e+02 3.6836e+02 8
5.9135e+02 3.0452e+02 8
5.9173e+02 1.8413e+02 8
5.9198e+02 3.7058e+02 8
5.9221e+02 1.7127e+02 8
5.9251e+02 1.5902e+02 8
5.9268e+02 3.6832e+02 8
5.9278e+02 2.8206e+02 8
5.9291e+02 1.2922e+02 8
5.9298e+02 1.6972e+02 8
5.9310e+02 3.6134e+02 8
5.9317e+02 3.8239e+02 8
5.9358e+02 3.0072e+02 8
5.9366e+02 2.7723e+02 8
5.9381e+02 1.5547e+02 8
5.9402e+02 1.3844e+02 8
5.9421e+02 2.3833e+02 8
5.9433e+02 1.8575e+02 8
5.9450e+02 3.2483e+02 8
5.9455e+02 1.9181e+02 8
5.9471e+02 3.3518e+02 8
5.9499e+02 2.5498e+02 8
5.9512e+02 1.8094e+02 8
5.9535e+02 1.6791e+02 8
5.9543e+02 3.2167e+02 8
5.9562e+02 2.2547e+02 8
5.9566e+02 1.7600e+02 8
5.9578e+02 2.5386e+02 8
5.9585e+02 2.0198e+02 8
5.9616e+02 3.0078e+02 8
5.9637e+02 2.6809e+02 8
5.9658e+02 2.1233e+02 8
5.9682e+02 1.3108e+02 8
5.9697e+02 1.7122e+02 8
5.9711e+02 1.3912e+02 8
5.9723e+02 2.4744e+02 8
5.9733e+02 3.4848e+02 8
5.9753e+02 2.0803e+02 8
5.9769e+02 2.9426e+02 8
5.9779e+02 2.0399e+02 8
5.9803e+02 1.5037e+02 8
5.9836e+02 2.6661e+02 8
5.9866e+02 3.3957e+02 8
5.9894e+02 3.0840e+02 8
5.9925e+02 1.7440e+02 8
5.9943e+02 3.1567e+02 8
5.9958e+02 3.7481e+02 8
5.9975e+02 1.4691e+02 8
5.9984e+02 1.4149e+02 8
6.0007e+02 3.1771e+02 8
6.0018e+02 2.7682e+02 8
6.0041e+02 3.4442e+02 8
6.0058e+02 1.3905e+02 8
6.0071e+02 2.3926e+02 8
6.0086e+02 3.0285e+02 8
6.0096e+02 3.7996e+02 8
6.0128e+02 3.5675e+02 8
6.0149e+02 2.5121e+02 8
6.0160e+02 1.5319e+02 8
6.0198e+02 3.6521e+02 8
6.0219e+02 3.3524e+02 8
6.0273e+02 2.8410e+02 8
6.0291e+02 3.5494e+02 8
6.0315e+02 3.2428e+02 8
6.0337e+02 3.6020e+02 8
6.0356e+02 3.3108e+02 8
6.0392e+02 2.2138e+02 8
6.0400e+02 3.0234e+02 8
6.0408e+02 1.3013e+02 8
6.0423e+02 3.8563e+02 8
6.0447e+02 3.7047e+02 8
6.0463e+02 2.6250e+02 8
6.0518e+02 1.3847e+02 8
6.0536e+02 2.1540e+02 8
6.0560e+02 3.0835e+02 8
6.0586e+02 2.7948e+02 8
6.0610e+02 3.7455e+02 8
6.0636e+02 2.6229e+02 8
6.0676e+02 3.6066e+02 8
6.0710e+02 3.1183e+02 8
6.0717e+02 3.1257e+02 8
6.0735e+02 3.4946e+02 8
6.0755e+02 3.3349e+02 8
6.0784e+02 3.6707e+02 8
6.0801e+02 1.3951e+02 8
6.0817e+02 1.7619e+02 8
6.0850e+02 2.3774e+02 8
6.0873e+02 2.7289e+02 8
6.0891e+02 3.5052e+02 8
6.0924e+02 2.2357e+02 8
6.0929e+02 1.7941e+02 8
6.0963e+02 2.7803e+02 8
6.0977e+02 1.4797e+02 8
6.0996e+02 3.1947e+02 8
6.1017e+02 3.1910e+02 8
6.1026e+02 2.0396e+02 8
6.1040e+02 2.3162e+02 8
6.1071e+02 2.9813e+02 8
6.1093e+02 1.7685e+02 8
6.1106e+02 2.0979e+02 8
6.1129e+02 3.4762e+02 8
6.1141e+02 1.2768e+02 8
6.1155e+02 3.6570e+02 8
6.1184e+02 1.7784e+02 8
6.1223e+02 2.6804e+02 8
6.1252e+02 2.0378e+02 8
6.1266e+02 2.8511e+02 8
6.1276e+02 3.4632e+02 8
6.1326e+02 2.1131e+02 8
6.1342e+02 2.6764e+02 8
6.1373e+02 3.6937e+02 8
6.1393e+02 1.6851e+02 8
6.1417e+02 1.6214e+02 8
6.1435e+02 3.1653e+02 8
6.1488e+02 3.5719e+02 8
6.1522e+02 1.5360e+02 8
6.1531e+02 1.6636e+02 8
6.1534e+02 3.0533e+02 8
6.1547e+02 2.4394e+02 8
6.1565e+02 1.7014e+02 8
6.1586e+02 3.4868e+02 8
6.1598e+02 2.9708e+02 8
6.1619e+02 2.9469e+02 8
6.1657e+02 2.3451e+02 8
6.1662e+02 2.3484e+02 8
6.1679e+02 1.5777e+02 8
6.1698e+02 3.0446e+02 8
6.1708e+02 3.0904e+02 8
6.1721e+02 1.6694e+02 8
6.1736e+02 3.4070e+02 8
6.1758e+02 1.3856e+02 8
6.1779e+02 2.0685e+02 8
6.1801e+02 3.0781e+02 8
6.1830e+02 2.1491e+02 8
6.1836e+02 2.0296e+02 8
6.1851e+02 1.9862e+02 8
6.1861e+02 2.3633e+02 8
6.1886e+02 1.6245e+02 8
6.1934e+02 2.7639e+02 8
6.1942e+02 1.7542e+02 8
6.1945e+02 2.2833e+02 8
6.1966e+02 2.6282e+02 8
6.1990e+02 1.7750e+02 8
6.2008e+02 3.5915e+02 8
6.2033e+02 3.3793e+02 8
6.2076e+02 1.5525e+02 8
6.2088e+02 1.7256e+02 8
6.2093e+02 2.1661e+02 8
6.2116e+02 2.5603e+02 8
6.2127e+02 2.1044e+02 8
6.2175e+02 3.5869e+02 8
6.2188e+02 1.5625e+02 8
6.2199e+02 1.5063e+02 8
6.2204e+02 3.5982e+02 8
6.2213e+02 1.6738e+02 8
6.2257e+02 2.7708e+02 8
6.2281e+02 3.2595e+02 8
6.2300e+02 2.9311e+02 8
6.2316e+02 3.4481e+02 8
6.2333e+02 3.1913e+02 8
6.2362e+02 2.9087e+02 8
6.2372e+02 2.7757e+02 8
6.2377e+02 2.7013e+02 8
6.2413e+02 2.0860e+02 8
6.2422e+02 2.0036e+02 8
6.2439e+02 3.3708e+02 8
6.2470e+02 1.7903e+02 8
6.2489e+02 2.1161e+02 8
6.2493e+02 2.5824e+02 8
6.2532e+02 1.8147e+02 8
6.2541e+02 2.2766e+02 8
6.2565e+02 1.6760e+02 8
6.2577e+02 1.4020e+02 8
6.2593e+02 2.5351e+02 8
6.2609e+02 3.0735e+02 8
6.2621e+02 2.8430e+02 8
6.2638e+02 2.7354e+02 8
6.2654e+02 2.3741e+02 8
6.2683e+02 2.9434e+02 8
6.2699e+02 1.4082e+02 8
6.2725e+02 2.7393e+02 8
6.2739e+02 2.7251e+02 8
6.2744e+02 1.2547e+02 8
6.2751e+02 3.1496e+02 8
6.2776e+02 2.3781e+02 8
6.2797e+02 1.8898e+02 8
6.2857e+02 2.6225e+02 8
6.2894e+02 1.3045e+02 8
6.2940e+02 1.6987e+02 8
6.2966e+02 1.4010e+02 8
6.2978e+02 1.4009e+02 8
6.3016e+02 1.9804e+02 8
6.3033e+02 1.6775e+02 8
6.3047e+02 2.9351e+02 8
6.3088e+02 3.1375e+02 8
6.3137e+02 1.5573e+02 8
6.3173e+02 1.3527e+02 8
6.3199e+02 1.8738e+02 8
6.3204e+02 1.9111e+02 8
6.3225e+02 1.4448e+02 8
6.3320e+02 1.6410e+02 8
6.3380e+02 1.0446e+02 8
6.3452e+02 1.5780e+02 8
6.3552e+02 1.5145e+02 8
6.3663e+02 9.8137e+01 8
6.3715e+02 1.3319e+02 8
6.3799e+02 1.2921e+02 8
6.3843e+02 1.2367e+02 8
6.3919e+02 1.4608e+02 8
6.3991e+02 1.0129e+02 8
6.4040e+02 1.4691e+02 8
6.4087e+02 8.8532e+01 8
6.4153e+02 7.1193e+01 8
6.4183e+02 1.3010e+02 8
6.4210e+02 1.3491e+02 8
6.4265e+02 6.6026e+01 8
6.4293e+02 7.2046e+01 8
6.4330e+02 7.0147e+01 8
6.4419e+02 1.0540e+02 8
6.4433e+02 8.7593e+01 8
6.4457e+02 6.7488e+01 8
6.4490e+02 9.7698e+01 8
6.4618e+02 7.3295e+01 8
6.4631e+02 1.3447e+02 8
6.4711e+02 9.6616e+01 8
6.4734e+02 6.2260e+01 8
6.4783e+02 7.7936e+01 8
6.4866e+02 1.0190e+02 8
6.4918e+02 1.1562e+02 8
6.4960e+02 7.8791e+01 8
6.5103e+02 1.0203e+02 8
6.5179e+02 7.9026e+01 8
6.5190e+02 6.9127e+01 8
6.5332e+02 8.2183e+01 8
6.5368e+02 5.0756e+01 8
6.5424e+02 5.0978e+01 8
6.5460e+02 6.1231e+01 8
6.5481e+02 6.2109e+01 8
6.5542e+02 1.0842e+02 8
6.5603e+02 6.5508e+01 8
6.5646e+02 7.4500e+01 8
6.5656e+02 7.2458e+01 8
6.5691e+02 8.6430e+01 8
6.5728e+02 1.1520e+02 8
6.5762e+02 4.7035e+01 8
6.5792e+02 7.9095e+01 8
6.5861e+02 9.1878e+01 8
6.5922e+02 1.0142e+02 8
6.5982e+02 7.3144e+01 8
6.6051e+02 7.6084e+01 8
6.6110e+02 5.4241e+01 8
6.6184e+02 8.5890e+01 8
6.6295e+02 4.1143e+01 8
6.6339e+02 9.4227e+01 8
6.6490e+02 4.9236e+01 8
6.6515e+02 7.8250e+01 8
6.6579e+02 5.7659e+01 8
6.6655e+02 8.6523e+01 8
6.6749e+02 5.7099e+01 8
6.6887e+02 4.0505e+01 8
6.6937e+02 8.1047e+01 8
6.7001e+02 5.8479e+01 8
6.7136e+02 7.5474e+01 8
6.7298e+02 5.0898e+01 8
6.7460e+02 5.7592e+01 8
