5.6260e-01 4.1958e-01 1
4.9377e-01 5.9364e-01 1
4.6043e-01 4.5270e-01 1
5.4271e-01 5.0811e-01 1
5.8711e-01 4.9693e-01 1
4.5704e-01 4.2487e-01 1
4.2602e-01 5.2333e-01 1
5.1592e-01 4.3433e-01 1
4.2121e-01 5.2075e-01 1
4.4337e-01 4.5435e-01 1
5.5116e-01 5.2034e-01 1
4.7749e-01 4.4100e-01 1
5.0798e-01 5.5490e-01 1
4.1508e-01 5.3285e-01 1
5.8293e-01 4.1826e-01 1
5.4106e-01 5.4539e-01 1
4.8932e-01 5.2134e-01 1
4.5298e-01 5.5137e-01 1
5.2856e-01 6.1423e-01 1
5.2132e-01 5.2518e-01 1
4.3375e-01 4.6595e-01 1
5.2373e-01 6.1885e-01 1
4.2296e-01 5.9817e-01 1
4.9008e-01 4.1718e-01 1
4.9902e-01 4.5070e-01 1
4.9854e-01 3.9849e-01 1
5.1754e-01 4.9684e-01 1
4.4376e-01 5.3601e-01 1
5.3375e-01 5.2094e-01 1
5.9862e-01 4.7903e-01 1
4.6263e-01 3.1372e-01 1
5.8651e-01 4.9712e-01 1
4.6991e-01 5.0453e-01 1
5.1732e-01 4.3562e-01 1
5.4253e-01 4.9809e-01 1
5.2354e-01 4.4720e-01 1
5.1975e-01 5.0047e-01 1
5.9586e-01 4.4104e-01 1
5.1813e-01 4.4377e-01 1
4.9314e-01 4.5415e-01 1
4.9814e-01 6.2990e-01 1
4.2294e-01 5.5631e-01 1
5.4340e-01 5.4836e-01 1
5.9644e-01 4.6055e-01 1
5.6076e-01 4.7953e-01 1
5.3863e-01 4.6206e-01 1
5.3484e-01 4.7412e-01 1
5.8759e-01 4.5027e-01 1
5.0482e-01 5.5843e-01 1
4.7881e-01 5.2227e-01 1
5.2952e-01 4.6764e-01 1
4.7521e-01 5.1075e-01 1
4.8012e-01 5.4192e-01 1
4.7580e-01 4.2698e-01 1
4.6802e-01 5.3305e-01 1
5.2332e-01 5.3517e-01 1
5.6120e-01 4.4572e-01 1
4.0050e-01 5.4992e-01 1
5.2622e-01 5.9366e-01 1
5.1096e-01 4.7557e-01 1
4.2941e-01 5.6087e-01 1
4.8252e-01 4.4507e-01 1
4.4259e-01 6.0332e-01 1
4.8592e-01 5.0834e-01 1
3.8344e-01 5.3666e-01 1
5.2273e-01 5.0948e-01 1
4.8505e-01 6.1762e-01 1
5.0119e-01 4.6893e-01 1
4.5722e-01 4.3117e-01 1
5.4110e-01 4.8020e-01 1
4.5214e-01 4.7905e-01 1
5.0314e-01 5.5074e-01 1
4.7755e-01 5.4694e-01 1
3.8204e-01 5.0690e-01 1
5.8466e-01 4.6148e-01 1
5.1044e-01 5.8172e-01 1
4.2993e-01 5.1723e-01 1
5.2486e-01 4.2772e-01 1
4.3258e-01 4.6363e-01 1
5.5170e-01 5.9123e-01 1
5.8854e-01 5.0394e-01 1
5.6788e-01 5.0955e-01 1
5.0114e-01 4.4168e-01 1
4.3593e-01 4.8658e-01 1
4.3096e-01 4.6453e-01 1
4.4406e-01 4.9997e-01 1
3.7965e-01 4.4363e-01 1
5.1749e-01 4.2945e-01 1
5.1869e-01 5.1485e-01 1
4.7761e-01 5.1026e-01 1
4.8276e-01 5.5774e-01 1
5.5182e-01 5.7221e-01 1
5.8656e-01 3.8407e-01 1
4.8502e-01 5.4164e-01 1
4.0319e-01 4.5579e-01 1
5.1845e-01 5.8358e-01 1
6.5011e-01 5.1322e-01 1
4.5832e-01 4.2029e-01 1
4.5235e-01 5.8362e-01 1
4.5509e-01 4.6577e-01 1
3.9355e-01 2.9556e-01 2
2.3019e-01 2.6297e-01 2
2.5108e-01 2.5686e-01 2
2.1057e-01 2.5544e-01 2
3.9032e-01 2.2481e-01 2
3.2556e-01 2.4998e-01 2
3.1489e-01 2.9178e-01 2
3.4807e-01 2.3619e-01 2
2.7106e-01 3.1905e-01 2
3.2423e-01 3.6938e-01 2
2.9209e-01 3.0187e-01 2
3.3312e-01 3.6068e-01 2
3.3436e-01 4.0143e-01 2
2.7490e-01 2.7497e-01 2
3.0191e-01 2.9461e-01 2
3.3770e-01 3.3144e-01 2
3.0760e-01 4.1405e-01 2
3.2326e-01 2.5371e-01 2
2.1451e-01 2.4081e-01 2
2.8924e-01 3.0934e-01 2
3.0297e-01 3.3302e-01 2
3.2594e-01 2.4062e-01 2
3.5043e-01 2.3056e-01 2
2.6451e-01 2.8805e-01 2
3.0645e-01 3.1565e-01 2
3.3517e-01 3.1665e-01 2
2.5402e-01 2.9598e-01 2
3.3468e-01 2.5412e-01 2
3.3987e-01 3.2033e-01 2
2.9908e-01 3.2016e-01 2
4.2472e-01 1.8469e-01 2
3.0237e-01 3.5617e-01 2
2.9338e-01 2.7403e-01 2
3.1474e-01 2.8931e-01 2
3.3107e-01 3.0358e-01 2
2.7075e-01 3.4571e-01 2
3.0703e-01 3.8788e-01 2
3.6762e-01 3.4419e-01 2
3.3422e-01 3.3290e-01 2
2.9628e-01 3.0612e-01 2
3.2692e-01 3.0285e-01 2
2.5411e-01 2.8347e-01 2
1.8672e-01 3.4732e-01 2
2.9033e-01 2.3248e-01 2
2.5281e-01 2.5393e-01 2
4.5723e-01 1.5747e-01 2
3.0708e-01 3.6734e-01 2
3.7119e-01 3.2549e-01 2
2.8833e-01 3.6306e-01 2
3.8126e-01 1.9200e-01 2
6.4672e-01 3.4613e-01 3
6.7263e-01 3.2702e-01 3
6.6773e-01 3.0436e-01 3
7.4886e-01 2.4593e-01 3
5.9735e-01 2.9716e-01 3
7.6362e-01 3.2602e-01 3
7.2811e-01 2.1875e-01 3
7.6258e-01 2.8757e-01 3
6.8352e-01 3.3456e-01 3
7.8191e-01 3.8127e-01 3
7.7195e-01 4.4282e-01 3
6.6211e-01 2.7724e-01 3
7.6988e-01 3.3993e-01 3
7.0662e-01 3.4261e-01 3
7.7901e-01 3.6353e-01 3
7.3812e-01 2.9590e-01 3
6.2410e-01 3.4752e-01 3
7.5522e-01 2.7939e-01 3
7.4692e-01 1.9035e-01 3
6.5100e-01 2.8003e-01 3
7.1390e-01 3.1582e-01 3
6.6133e-01 2.1259e-01 3
6.3052e-01 3.2496e-01 3
7.9465e-01 3.3924e-01 3
6.7033e-01 2.3003e-01 3
6.3676e-01 3.1643e-01 3
6.4997e-01 1.8654e-01 3
7.1299e-01 2.9028e-01 3
7.6142e-01 3.1696e-01 3
5.9370e-01 3.6023e-01 3
7.0581e-01 3.8553e-01 3
6.9472e-01 4.1188e-01 3
6.1051e-01 3.8386e-01 3
7.7832e-01 2.4841e-01 3
6.8477e-01 2.3231e-01 3
7.0686e-01 2.7153e-01 3
7.7780e-01 3.9734e-01 3
6.3485e-01 2.0003e-01 3
7.2005e-01 3.3320e-01 3
6.2230e-01 3.4348e-01 3
5.8656e-01 2.9605e-01 3
6.9857e-01 3.3583e-01 3
7.0772e-01 2.1032e-01 3
7.3066e-01 2.4450e-01 3
6.3662e-01 2.4341e-01 3
6.6038e-01 3.4902e-01 3
8.5835e-01 3.6682e-01 3
7.3953e-01 3.3264e-01 3
7.2484e-01 3.2135e-01 3
7.0430e-01 3.3968e-01 3
7.6879e-01 3.6669e-01 3
6.9814e-01 2.6791e-01 3
7.0266e-01 2.6196e-01 3
6.7227e-01 3.2313e-01 3
6.5933e-01 3.5653e-01 3
6.3882e-01 3.5583e-01 3
6.6281e-01 2.3035e-01 3
7.4132e-01 3.4472e-01 3
6.7779e-01 2.5752e-01 3
7.0442e-01 2.4490e-01 3
7.0949e-01 3.0561e-01 3
7.1349e-01 2.9523e-01 3
7.5733e-01 3.5511e-01 3
7.3462e-01 2.3392e-01 3
7.7177e-01 2.4672e-01 3
7.2671e-01 3.2567e-01 3
7.9879e-01 2.4206e-01 3
7.1809e-01 2.7145e-01 3
6.9751e-01 3.3959e-01 3
7.0077e-01 1.9037e-01 3
6.7553e-01 3.5020e-01 3
6.1752e-01 2.0750e-01 3
7.8335e-01 3.8152e-01 3
6.6074e-01 2.7944e-01 3
7.5116e-01 3.1657e-01 3
7.1841e-01 2.4211e-01 3
5.8389e-01 3.0718e-01 3
8.2311e-01 3.5850e-01 3
7.0014e-01 2.3954e-01 3
7.4575e-01 3.6672e-01 3
7.0074e-01 3.3897e-01 3
6.6641e-01 3.0014e-01 3
6.8783e-01 2.6887e-01 3
6.9846e-01 1.9175e-01 3
7.0485e-01 2.7893e-01 3
6.4570e-01 2.4501e-01 3
7.5336e-01 3.5748e-01 3
6.2612e-01 2.2719e-01 3
6.4816e-01 3.6090e-01 3
6.8783e-01 3.3090e-01 3
7.0650e-01 4.2104e-01 3
6.8502e-01 2.6701e-01 3
7.6369e-01 2.5055e-01 3
6.1242e-01 3.4327e-01 3
6.9098e-01 2.7759e-01 3
7.5092e-01 2.8978e-01 3
6.7019e-01 2.0774e-01 3
6.0570e-01 3.9087e-01 3
5.5746e-01 2.9507e-01 3
7.6126e-01 3.0832e-01 3
7.2619e-01 2.2736e-01 3
7.0819e-01 2.5724e-01 3
7.5630e-01 3.6966e-01 3
6.6941e-01 3.6319e-01 3
6.9067e-01 2.4453e-01 3
6.9556e-01 3.1005e-01 3
6.8844e-01 3.4940e-01 3
8.0532e-01 2.2290e-01 3
7.3678e-01 4.3495e-01 3
7.4993e-01 3.5076e-01 3
7.4709e-01 2.2326e-01 3
6.6072e-01 2.6652e-01 3
7.3800e-01 3.0202e-01 3
7.8463e-01 3.1294e-01 3
8.5356e-01 3.4552e-01 3
6.5662e-01 2.2725e-01 3
8.1885e-01 1.7572e-01 3
7.0113e-01 3.7990e-01 3
6.0892e-01 3.1567e-01 3
6.4177e-01 2.6180e-01 3
6.6140e-01 3.1807e-01 3
7.9311e-01 2.4729e-01 3
6.9116e-01 3.2882e-01 3
7.1423e-01 3.4430e-01 3
6.6379e-01 2.2775e-01 3
6.8537e-01 3.0293e-01 3
6.0793e-01 2.7113e-01 3
6.0970e-01 3.3193e-01 3
6.3964e-01 3.6847e-01 3
8.1584e-01 3.8565e-01 3
6.7747e-01 2.7642e-01 3
6.1982e-01 2.8271e-01 3
7.8250e-01 2.7610e-01 3
6.4423e-01 2.3805e-01 3
6.4873e-01 3.2339e-01 3
6.5647e-01 3.2789e-01 3
7.7072e-01 2.8753e-01 3
7.8697e-01 3.1841e-01 3
6.9582e-01 1.9954e-01 3
7.2098e-01 2.7035e-01 3
6.5163e-01 3.5853e-01 3
7.3436e-01 1.6944e-01 3
6.5439e-01 3.5364e-01 3
7.0930e-01 3.7912e-01 3
6.8996e-01 2.3264e-01 3
6.4614e-01 2.7797e-01 3
7.2169e-01 2.8799e-01 3
7.6865e-01 3.2063e-01 3
6.7917e-01 3.1872e-01 3
6.9060e-01 2.0694e-01 3
7.1993e-01 2.7230e-01 3
6.8245e-01 3.5421e-01 3
6.9875e-01 3.4681e-01 3
6.6417e-01 2.6391e-01 3
6.9035e-01 2.5192e-01 3
6.6443e-01 3.3075e-01 3
6.3672e-01 3.5801e-01 3
6.7852e-01 3.2118e-01 3
6.5657e-01 2.3325e-01 3
6.8503e-01 2.7584e-01 3
6.5690e-01 2.3621e-01 3
6.5296e-01 2.9554e-01 3
8.3441e-01 3.0992e-01 3
7.3212e-01 1.6157e-01 3
7.1927e-01 3.5099e-01 3
6.8228e-01 2.6014e-01 3
7.6926e-01 2.1239e-01 3
7.6609e-01 3.5294e-01 3
6.9131e-01 3.2790e-01 3
6.2113e-01 2.3591e-01 3
7.0258e-01 3.1383e-01 3
6.6228e-01 3.3476e-01 3
6.8217e-01 2.8724e-01 3
5.7958e-01 3.3300e-01 3
7.3986e-01 3.0258e-01 3
7.2275e-01 1.9832e-01 3
7.5346e-01 2.9136e-01 3
7.4728e-01 2.7329e-01 3
7.1099e-01 2.1087e-01 3
6.4883e-01 3.9833e-01 3
6.6001e-01 3.0665e-01 3
6.5413e-01 2.1222e-01 3
7.1235e-01 2.8444e-01 3
6.5322e-01 2.7694e-01 3
6.6480e-01 3.4272e-01 3
6.7271e-01 2.9795e-01 3
6.9775e-01 3.4049e-01 3
7.0439e-01 2.7136e-01 3
6.9735e-01 3.3456e-01 3
7.1013e-01 3.5685e-01 3
6.5642e-01 2.4181e-01 3
7.4912e-01 3.1934e-01 3
7.1163e-01 2.8714e-01 3
6.0890e-01 3.0156e-01 3
7.6850e-01 2.8081e-01 3
7.3907e-01 3.1270e-01 3
7.9254e-01 3.1898e-01 3
7.4455e-01 3.4044e-01 3
7.0747e-01 2.3812e-01 3
7.3790e-01 2.2866e-01 3
6.7437e-01 2.6822e-01 3
6.0276e-01 2.9720e-01 3
7.5477e-01 3.0858e-01 3
7.0558e-01 3.8779e-01 3
7.2791e-01 2.4071e-01 3
7.0409e-01 3.2644e-01 3
7.4800e-01 2.2611e-01 3
6.5646e-01 3.1868e-01 3
6.7611e-01 2.5781e-01 3
6.5630e-01 2.3076e-01 3
6.4936e-01 2.2817e-01 3
6.8622e-01 2.8656e-01 3
6.8820e-01 2.9692e-01 3
6.6844e-01 3.6213e-01 3
6.0868e-01 1.7729e-01 3
6.6901e-01 3.3266e-01 3
5.5340e-01 3.4454e-01 3
7.1480e-01 3.4217e-01 3
7.1937e-01 2.7304e-01 3
6.0418e-01 3.3512e-01 3
6.6093e-01 2.9425e-01 3
7.3646e-01 3.4762e-01 3
8.5792e-01 3.4735e-01 3
6.7113e-01 3.7091e-01 3
7.2485e-01 3.1317e-01 3
7.4861e-01 2.1598e-01 3
7.4260e-01 3.2992e-01 3
6.6627e-01 2.6543e-01 3
7.4606e-01 2.8193e-01 3
7.1540e-01 3.3711e-01 3
7.6863e-01 3.5582e-01 3
7.6935e-01 3.3309e-01 3
6.2482e-01 2.7691e-01 3
6.5946e-01 4.2603e-01 3
8.6348e-01 4.0027e-01 3
6.6409e-01 2.8248e-01 3
7.8914e-01 3.0617e-01 3
6.6677e-01 3.0020e-01 3
7.4674e-01 2.9239e-01 3
7.0437e-01 3.1790e-01 3
6.8261e-01 2.5791e-01 3
6.7703e-01 4.1857e-01 3
7.3603e-01 2.7209e-01 3
7.4665e-01 3.1816e-01 3
6.5423e-01 3.4555e-01 3
7.5647e-01 3.9836e-01 3
6.8308e-01 2.4818e-01 3
6.8146e-01 2.9396e-01 3
6.7626e-01 2.9778e-01 3
7.2584e-01 2.4090e-01 3
6.7086e-01 3.4540e-01 3
6.8573e-01 4.3141e-01 3
7.4084e-01 2.8601e-01 3
7.3533e-01 2.6224e-01 3
7.1659e-01 3.3746e-01 3
8.7272e-01 2.9463e-01 3
7.3429e-01 3.5773e-01 3
7.2820e-01 2.6807e-01 3
7.2598e-01 3.1099e-01 3
6.6674e-01 3.6096e-01 3
6.0803e-01 2.6561e-01 3
7.0749e-01 2.6443e-01 3
6.3732e-01 3.2970e-01 3
7.1345e-01 3.3270e-01 3
6.9123e-01 3.7132e-01 3
7.5447e-01 2.6998e-01 3
7.1285e-01 2.3396e-01 3
7.2935e-01 3.3660e-01 3
6.7848e-01 2.6680e-01 3
7.3674e-01 2.9895e-01 3
6.7978e-01 2.3805e-01 3
7.1941e-01 3.0036e-01 3
6.5812e-01 2.6137e-01 3
8.3945e-01 3.2908e-01 3
6.6089e-01 3.4757e-01 3
6.3923e-01 3.1283e-01 3
6.0610e-01 2.5098e-01 3
7.0687e-01 2.8073e-01 3
7.3356e-01 2.9439e-01 3
6.5431e-01 2.7052e-01 3
7.6813e-01 3.0298e-01 3
7.5367e-01 3.4491e-01 3
6.7530e-01 3.0361e-01 3
7.0669e-01 2.3316e-01 3
7.4953e-01 3.1222e-01 3
7.0038e-01 1.6494e-01 3
6.7336e-01 2.7149e-01 3
7.4715e-01 3.0518e-01 3
6.6598e-01 3.2504e-01 3
6.2404e-01 3.2287e-01 3
8.2279e-01 2.7253e-01 3
6.2743e-01 3.2003e-01 3
7.8472e-01 2.3238e-01 3
6.2434e-01 2.2687e-01 3
7.0722e-01 3.0743e-01 3
6.9935e-01 2.6552e-01 3
6.8511e-01 3.3259e-01 3
6.7489e-01 3.5223e-01 3
7.1080e-01 3.0892e-01 3
6.8424e-01 2.3770e-01 3
7.2501e-01 1.9124e-01 3
7.8697e-01 3.9884e-01 3
6.7188e-01 3.3951e-01 3
7.9031e-01 2.7597e-01 3
6.9173e-01 2.1141e-01 3
7.4785e-01 3.2036e-01 3
7.3627e-01 3.4427e-01 3
8.5066e-01 2.6385e-01 3
6.9937e-01 2.7370e-01 3
7.7002e-01 3.2467e-01 3
6.6617e-01 2.1867e-01 3
7.5773e-01 3.2839e-01 3
7.6220e-01 3.3340e-01 3
6.8197e-01 3.0461e-01 3
7.8367e-01 3.5720e-01 3
6.0056e-01 3.6822e-01 3
6.5190e-01 3.4760e-01 3
7.9056e-01 2.7024e-01 3
6.9559e-01 2.6079e-01 3
7.1136e-01 2.8886e-01 3
8.3384e-01 3.0467e-01 3
7.0061e-01 4.6313e-01 3
7.1294e-01 2.9470e-01 3
6.9317e-01 2.6909e-01 3
6.6339e-01 2.2531e-01 3
6.9841e-01 2.8131e-01 3
6.8393e-01 3.0284e-01 3
7.6668e-01 2.3289e-01 3
7.3956e-01 3.0912e-01 3
7.7400e-01 3.3181e-01 3
6.9297e-01 2.3813e-01 3
6.8540e-01 2.5940e-01 3
5.6615e-01 2.8969e-01 3
7.6368e-01 3.3276e-01 3
8.1111e-01 2.6930e-01 3
6.7426e-01 3.4772e-01 3
6.2726e-01 3.4854e-01 3
7.1496e-01 2.3299e-01 3
7.0767e-01 2.8616e-01 3
6.6555e-01 2.8139e-01 3
7.6724e-01 2.9206e-01 3
7.2609e-01 3.4509e-01 3
5.9986e-01 3.4193e-01 3
7.8038e-01 3.3979e-01 3
7.5704e-01 2.1744e-01 3
6.5996e-01 3.1185e-01 3
7.1698e-01 3.7170e-01 3
7.0249e-01 3.4076e-01 3
5.8896e-01 2.7528e-01 3
6.3198e-01 3.0514e-01 3
7.3839e-01 3.8002e-01 3
6.8310e-01 2.5760e-01 3
7.0071e-01 2.6798e-01 3
6.9128e-01 3.2788e-01 3
5.8031e-01 3.1221e-01 3
6.9721e-01 3.8855e-01 3
7.0092e-01 3.1407e-01 3
7.5021e-01 3.5288e-01 3
7.1080e-01 3.0833e-01 3
6.8526e-01 2.1203e-01 3
6.4302e-01 2.9966e-01 3
7.4273e-01 2.7197e-01 3
6.8644e-01 3.0811e-01 3
6.9178e-01 2.6659e-01 3
6.4111e-01 2.8762e-01 3
6.8414e-01 3.4472e-01 3
6.9671e-01 1.8784e-01 3
7.8240e-01 4.1335e-01 3
6.3962e-01 3.4714e-01 3
7.1269e-01 2.7727e-01 3
7.1520e-01 2.9828e-01 3
7.0560e-01 3.4081e-01 3
6.5290e-01 3.5821e-01 3
6.7222e-01 2.9230e-01 3
6.5717e-01 3.3054e-01 3
5.5057e-01 3.1684e-01 3
6.6944e-01 2.3877e-01 3
6.5156e-01 2.6595e-01 3
6.7436e-01 3.7730e-01 3
7.4902e-01 3.7715e-01 3
6.9807e-01 2.8731e-01 3
6.9809e-01 3.0527e-01 3
6.6727e-01 2.7959e-01 3
7.0666e-01 3.7968e-01 3
6.1285e-01 2.5365e-01 3
8.6054e-01 3.3965e-01 3
7.0438e-01 2.1808e-01 3
6.5215e-01 2.7813e-01 3
6.5608e-01 3.5429e-01 3
6.7384e-01 3.1946e-01 3
6.1460e-01 2.4536e-01 3
7.7014e-01 2.4270e-01 3
6.1202e-01 3.8689e-01 3
6.0395e-01 2.6766e-01 3
6.4537e-01 2.4717e-01 3
6.7813e-01 2.8469e-01 3
6.2858e-01 3.4424e-01 3
7.1561e-01 3.2128e-01 3
8.2172e-01 3.5197e-01 3
7.1280e-01 2.3564e-01 3
