-7.9647e-01 -5.3879e-01 1
1.0741e+00 2.8302e-01 1
-8.8245e-02 -1.5411e-02 1
2.3828e-01 -5.7020e-02 1
7.0884e-01 1.6559e-01 1
1.6381e-01 -4.0207e-02 1
-2.0025e-01 6.9211e-01 1
6.4133e-02 -4.7997e-01 1
-3.8803e-01 -4.1574e-01 1
-7.5118e-01 6.7218e-01 1
-6.0772e-01 -8.1486e-01 1
2.6011e-01 3.3520e-01 1
-5.4644e-01 2.5120e-01 1
1.0131e-01 4.2494e-01 1
4.3692e-01 7.8484e-01 1
-1.8945e-02 6.0324e-01 1
-4.7630e-01 5.9065e-03 1
1.9958e-01 -1.7754e-01 1
-9.8117e-01 4.7279e-01 1
1.2956e-01 1.5619e-01 1
8.2455e-01 -6.9325e-01 1
2.2387e-01 -8.7582e-02 1
-6.0132e-01 -5.6998e-01 1
7.6265e-01 3.8755e-01 1
1.2062e-01 5.3759e-01 1
3.0105e+00 -2.1272e-01 2
3.7918e+00 -7.1435e-02 2
3.9768e+00 4.2579e-02 2
4.2198e+00 -7.3774e-01 2
4.7352e+00 -2.7576e-01 2
4.2967e+00 -7.9172e-02 2
3.9759e+00 -6.6109e-02 2
4.0433e+00 -4.1054e-02 2
4.0156e+00 3.3123e-02 2
4.2721e+00 1.1359e-01 2
4.6347e+00 -3.7788e-01 2
3.7279e+00 -7.0571e-01 2
4.5556e+00 -7.1625e-02 2
3.9239e+00 -1.4292e+00 2
3.1144e+00 -2.3985e-01 2
4.3070e+00 -1.0769e-01 2
4.2967e+00 6.0503e-01 2
4.0377e+00 2.4941e-03 2
5.1532e+00 2.7695e-01 2
4.2968e+00 1.5205e-01 2
4.0079e+00 -6.7104e-02 2
3.6917e+00 -5.5035e-01 2
2.8799e+00 3.6363e-01 2
3.7426e+00 1.1866e+00 2
3.9735e+00 5.0636e-01 2
8.3242e+00 -1.1786e+00 3
7.7371e+00 1.4451e+00 3
7.1999e+00 2.8729e-01 3
8.0746e+00 3.3759e-01 3
7.5488e+00 -3.1076e-01 3
7.5666e+00 -7.0462e-01 3
9.2466e+00 -1.2155e-01 3
8.8164e+00 2.7600e-01 3
8.6420e+00 4.1552e-01 3
7.4474e+00 -4.6857e-01 3
7.4179e+00 5.4833e-01 3
8.2906e+00 -8.4648e-01 3
7.9532e+00 -9.5592e-01 3
7.6995e+00 3.1141e-01 3
7.6124e+00 3.7876e-01 3
7.7697e+00 -2.3255e-01 3
8.1171e+00 1.0382e-01 3
7.9005e+00 -5.1709e-01 3
7.6548e+00 -2.4870e-01 3
8.6595e+00 -3.7080e-01 3
7.8123e+00 2.6944e-01 3
8.3881e+00 -1.7127e-01 3
7.5689e+00 5.3849e-01 3
7.6101e+00 2.7891e-01 3
7.8402e+00 -7.9074e-01 3
1.2281e+01 3.0371e-01 4
1.1152e+01 -3.3614e-01 4
1.1357e+01 -4.9762e-01 4
1.2448e+01 -2.9166e-01 4
1.1726e+01 5.5292e-01 4
1.2309e+01 -2.7916e-01 4
1.1917e+01 4.4715e-01 4
1.2000e+01 6.4539e-03 4
1.3070e+01 5.9145e-01 4
1.1672e+01 5.6975e-01 4
1.1478e+01 6.9851e-01 4
1.2868e+01 -9.7906e-01 4
1.2503e+01 -2.8009e-01 4
1.1425e+01 9.1056e-02 4
1.3020e+01 -8.9569e-02 4
1.2960e+01 2.6566e-01 4
1.2119e+01 -1.1086e-01 4
1.3031e+01 -2.2674e-01 4
1.1284e+01 5.6201e-01 4
1.2288e+01 2.3471e-01 4
1.1957e+01 -3.6161e-01 4
1.2345e+01 -7.2592e-01 4
1.2894e+01 1.4576e-01 4
1.1645e+01 -4.1616e-01 4
1.1663e+01 -1.5441e+00 4
1.5699e+01 -4.1646e-01 5
1.5936e+01 3.3808e-01 5
1.6675e+01 -1.4131e-01 5
1.6273e+01 7.7765e-01 5
1.5723e+01 7.4251e-01 5
1.5878e+01 -1.8627e-01 5
1.5599e+01 -3.0254e-01 5
1.6890e+01 1.0389e+00 5
1.5421e+01 -6.0923e-01 5
1.6959e+01 1.3002e-01 5
1.5755e+01 2.0227e-01 5
1.6559e+01 5.2837e-01 5
1.6571e+01 -3.1159e-01 5
1.4595e+01 -5.1236e-01 5
1.5823e+01 1.3009e-01 5
1.6505e+01 -9.3721e-02 5
1.6092e+01 -3.9237e-01 5
1.5691e+01 2.3358e-01 5
1.6068e+01 1.3385e-01 5
1.6525e+01 9.0238e-01 5
1.5965e+01 9.1102e-01 5
1.6621e+01 7.9052e-01 5
1.6271e+01 -4.7993e-01 5
1.5791e+01 -5.2580e-02 5
1.5765e+01 1.9985e-01 5
-4.0047e-01 4.5369e+00 6
-9.6863e-02 4.5087e+00 6
-1.8794e-01 4.0240e+00 6
-8.7371e-01 3.7700e+00 6
9.3565e-01 5.3776e+00 6
-3.4629e-01 3.7329e+00 6
1.1159e+00 4.0069e+00 6
7.2849e-01 4.6671e+00 6
1.7550e-01 5.1138e+00 6
5.5244e-01 3.6292e+00 6
-6.3924e-02 4.1232e+00 6
2.3334e-03 4.0205e+00 6
4.8789e-01 3.7666e+00 6
2.3750e-01 3.4453e+00 6
-5.8671e-01 4.4184e+00 6
2.5498e-01 4.3223e+00 6
7.5367e-01 3.8778e+00 6
-2.5562e-01 3.6784e+00 6
-6.6403e-02 3.5670e+00 6
5.0721e-01 4.2862e+00 6
1.7530e-01 3.9657e+00 6
1.1005e+00 3.6658e+00 6
6.9815e-01 4.3318e+00 6
1.0390e-01 3.7360e+00 6
8.8274e-01 4.8300e+00 6
3.6079e+00 4.3587e+00 7
4.0209e+00 3.8962e+00 7
4.4513e+00 4.2869e+00 7
4.1977e+00 4.0915e+00 7
4.1100e+00 3.9514e+00 7
4.1848e+00 3.6991e+00 7
4.7591e+00 4.6020e+00 7
3.9276e+00 4.0611e+00 7
3.8298e+00 4.3756e+00 7
3.6212e+00 3.5698e+00 7
3.0189e+00 3.8998e+00 7
3.7494e+00 4.4942e+00 7
3.4148e+00 4.5394e+00 7
4.0005e+00 4.8749e+00 7
4.4806e+00 4.4487e+00 7
3.9315e+00 3.6766e+00 7
3.7535e+00 3.7996e+00 7
4.1630e+00 4.3118e+00 7
3.9923e+00 3.9377e+00 7
4.1522e+00 3.4812e+00 7
4.3181e+00 3.7595e+00 7
4.6773e+00 4.6566e+00 7
3.7956e+00 3.5547e+00 7
3.8899e+00 3.7953e+00 7
3.9373e+00 4.2739e+00 7
8.2987e+00 3.3847e+00 8
8.2247e+00 3.1673e+00 8
7.7215e+00 3.8465e+00 8
7.3568e+00 4.0859e+00 8
8.8023e+00 4.0773e+00 8
7.9564e+00 4.5466e+00 8
7.4166e+00 3.6496e+00 8
7.7153e+00 3.9386e+00 8
7.7956e+00 3.7686e+00 8
7.5652e+00 3.8820e+00 8
7.6931e+00 3.5759e+00 8
6.6680e+00 4.3439e+00 8
7.9938e+00 4.1942e+00 8
8.2190e+00 4.2541e+00 8
7.0989e+00 4.7236e+00 8
8.5008e+00 4.9350e+00 8
9.3424e+00 4.5182e+00 8
7.8811e+00 3.8944e+00 8
7.8658e+00 3.8349e+00 8
8.6015e+00 3.5928e+00 8
7.9910e+00 3.7765e+00 8
7.8710e+00 4.2274e+00 8
8.2503e+00 4.3917e+00 8
7.0248e+00 4.0050e+00 8
8.3485e+00 4.6221e+00 8
1.2040e+01 3.5685e+00 9
1.2582e+01 4.0333e+00 9
1.2528e+01 3.8300e+00 9
1.2554e+01 4.0424e+00 9
1.2426e+01 4.3860e+00 9
1.2579e+01 3.9938e+00 9
1.1976e+01 4.1227e+00 9
1.3290e+01 4.5010e+00 9
1.2392e+01 4.2820e+00 9
1.1915e+01 3.3851e+00 9
1.2328e+01 4.5098e+00 9
1.2208e+01 4.3185e+00 9
1.1912e+01 3.7693e+00 9
1.2270e+01 4.0465e+00 9
1.2668e+01 4.4435e+00 9
1.2112e+01 3.1737e+00 9
1.2384e+01 3.3724e+00 9
1.1809e+01 4.6824e+00 9
1.1915e+01 3.6694e+00 9
1.2627e+01 4.7797e+00 9
1.1713e+01 4.1022e+00 9
1.2300e+01 4.8622e+00 9
1.1681e+01 4.4493e+00 9
1.1280e+01 4.1502e+00 9
1.1462e+01 3.6394e+00 9
1.5842e+01 3.5250e+00 10
1.5523e+01 2.8492e+00 10
1.6711e+01 4.6712e+00 10
1.5842e+01 3.1616e+00 10
1.5511e+01 3.4582e+00 10
1.6006e+01 4.5679e+00 10
1.6594e+01 4.4889e+00 10
1.6317e+01 4.2321e+00 10
1.6167e+01 3.4585e+00 10
1.6318e+01 3.3613e+00 10
1.7098e+01 3.2003e+00 10
1.5916e+01 3.7503e+00 10
1.5334e+01 3.4045e+00 10
1.5747e+01 3.8765e+00 10
1.7167e+01 3.9584e+00 10
1.6311e+01 3.2798e+00 10
1.5801e+01 4.5479e+00 10
1.6123e+01 3.6859e+00 10
1.6341e+01 4.0862e+00 10
1.6589e+01 4.4191e+00 10
1.5610e+01 4.4875e+00 10
1.6637e+01 3.8592e+00 10
1.6344e+01 3.7620e+00 10
1.5305e+01 4.0049e+00 10
1.5987e+01 4.4753e+00 10
-2.3804e-01 7.7753e+00 11
-1.5692e-01 7.9154e+00 11
-4.7702e-01 8.4939e+00 11
1.0514e+00 8.1613e+00 11
-8.0635e-02 8.0140e+00 11
4.3785e-01 8.9033e+00 11
8.5414e-01 7.7948e+00 11
2.0585e-02 7.8139e+00 11
5.7379e-02 7.3666e+00 11
1.4680e-02 8.3101e+00 11
-5.0148e-04 8.1582e+00 11
3.7767e-01 7.2659e+00 11
6.5255e-02 7.3614e+00 11
-7.2549e-01 8.1695e+00 11
-5.6130e-01 6.9498e+00 11
-2.6293e-01 7.8962e+00 11
-1.2649e-01 7.9893e+00 11
1.2205e-01 7.3111e+00 11
-2.3329e-01 8.3181e+00 11
-9.5186e-02 8.3890e+00 11
-4.5946e-02 7.7593e+00 11
2.9170e-01 7.9872e+00 11
7.8914e-01 8.1866e+00 11
1.9539e-01 7.8163e+00 11
1.8348e-01 7.9610e+00 11
3.8238e+00 8.1936e+00 12
2.6418e+00 8.2251e+00 12
3.6824e+00 7.6639e+00 12
3.9460e+00 8.8070e+00 12
4.2159e+00 8.5194e+00 12
4.4694e+00 8.2143e+00 12
4.6500e+00 8.5490e+00 12
4.2534e+00 8.3064e+00 12
3.6388e+00 7.9125e+00 12
3.0830e+00 7.7786e+00 12
3.5907e+00 7.3466e+00 12
4.9149e+00 7.9183e+00 12
3.4921e+00 7.4157e+00 12
3.9650e+00 8.9205e+00 12
4.2060e+00 7.0589e+00 12
4.0938e+00 7.8182e+00 12
4.5808e+00 8.1027e+00 12
4.3486e+00 7.8734e+00 12
3.8022e+00 7.4452e+00 12
4.3909e+00 7.5050e+00 12
3.2816e+00 7.4236e+00 12
4.9556e+00 7.1829e+00 12
4.7000e+00 8.3171e+00 12
3.6549e+00 8.4101e+00 12
3.6991e+00 8.5140e+00 12
7.5528e+00 8.5509e+00 13
7.7899e+00 6.7972e+00 13
8.5557e+00 8.1163e+00 13
8.0202e+00 8.3045e+00 13
7.5446e+00 8.6939e+00 13
8.3640e+00 7.8164e+00 13
7.7205e+00 8.7294e+00 13
8.1077e+00 7.8242e+00 13
8.1419e+00 8.5731e+00 13
8.6449e+00 7.5114e+00 13
8.9347e+00 7.4013e+00 13
7.8336e+00 7.1771e+00 13
9.0134e+00 8.4475e+00 13
7.1984e+00 7.6544e+00 13
8.5756e+00 8.2614e+00 13
8.1079e+00 7.9210e+00 13
6.8730e+00 7.5499e+00 13
7.9520e+00 7.6108e+00 13
7.5942e+00 8.0462e+00 13
7.7064e+00 8.9570e+00 13
7.9651e+00 7.9486e+00 13
7.8508e+00 7.9411e+00 13
7.0276e+00 8.3163e+00 13
8.5976e+00 8.3483e+00 13
7.6136e+00 8.1107e+00 13
1.1863e+01 7.9122e+00 14
1.1472e+01 8.4474e+00 14
1.2200e+01 8.2181e+00 14
1.1648e+01 7.1300e+00 14
1.2030e+01 9.4592e+00 14
1.2268e+01 7.4675e+00 14
1.1347e+01 7.7534e+00 14
1.1624e+01 7.4704e+00 14
1.2291e+01 8.8480e+00 14
1.1882e+01 8.2183e+00 14
1.2123e+01 7.6639e+00 14
1.2462e+01 7.5470e+00 14
1.2625e+01 7.6188e+00 14
1.2023e+01 8.4542e+00 14
1.1451e+01 8.8584e+00 14
1.1478e+01 8.9492e+00 14
1.2331e+01 7.8789e+00 14
1.1825e+01 8.1296e+00 14
1.2295e+01 8.2348e+00 14
1.2325e+01 7.5866e+00 14
1.1454e+01 9.2840e+00 14
1.1707e+01 8.0028e+00 14
1.1571e+01 8.6039e+00 14
1.3073e+01 7.5477e+00 14
1.1668e+01 8.0681e+00 14
1.5281e+01 8.4597e+00 15
1.5822e+01 7.8998e+00 15
1.6395e+01 7.5115e+00 15
1.6239e+01 7.9856e+00 15
1.5424e+01 7.3249e+00 15
1.5500e+01 8.0105e+00 15
1.6134e+01 7.5817e+00 15
1.5520e+01 8.8888e+00 15
1.7111e+01 8.9034e+00 15
1.4859e+01 8.3726e+00 15
1.5995e+01 7.5311e+00 15
1.6245e+01 8.1890e+00 15
1.5833e+01 7.7651e+00 15
1.5494e+01 7.6128e+00 15
1.6657e+01 8.3818e+00 15
1.5494e+01 8.0868e+00 15
1.4504e+01 8.2895e+00 15
1.6925e+01 8.6204e+00 15
1.6288e+01 7.3840e+00 15
1.6104e+01 7.8227e+00 15
1.6133e+01 7.6958e+00 15
1.5859e+01 8.3033e+00 15
1.5379e+01 7.9767e+00 15
1.5652e+01 7.9990e+00 15
1.5694e+01 8.7311e+00 15
9.0953e-01 1.3416e+01 16
6.5157e-01 1.1558e+01 16
3.5985e-01 1.1928e+01 16
2.2365e-01 1.1715e+01 16
4.0756e-01 1.1709e+01 16
5.7885e-02 1.2393e+01 16
-6.5692e-01 1.2451e+01 16
-3.5719e-01 1.2626e+01 16
1.4005e-01 1.1842e+01 16
-5.7630e-01 1.1005e+01 16
2.6871e-01 1.1109e+01 16
1.4130e-01 1.1336e+01 16
5.3026e-01 1.1726e+01 16
-2.7117e-01 1.2972e+01 16
1.5620e+00 1.1712e+01 16
1.2290e-01 1.1514e+01 16
4.9813e-01 1.1211e+01 16
-4.1776e-01 1.1825e+01 16
1.9360e-01 1.1529e+01 16
-6.4553e-01 1.2330e+01 16
1.4874e-01 1.2218e+01 16
-8.4940e-01 1.2550e+01 16
1.2539e+00 1.2053e+01 16
5.4338e-01 1.1728e+01 16
4.5711e-01 1.1065e+01 16
3.2433e+00 1.1944e+01 17
3.5960e+00 1.1875e+01 17
3.6218e+00 1.2465e+01 17
4.0727e+00 1.2166e+01 17
3.8835e+00 1.1605e+01 17
4.3317e+00 1.1976e+01 17
3.6241e+00 1.1318e+01 17
4.1745e+00 1.2881e+01 17
4.2190e+00 1.2534e+01 17
4.5788e+00 1.2651e+01 17
3.7773e+00 1.1672e+01 17
5.1525e+00 1.2558e+01 17
3.5274e+00 1.2159e+01 17
3.8660e+00 1.2141e+01 17
3.8122e+00 1.2610e+01 17
4.0211e+00 1.1768e+01 17
4.4557e+00 1.1524e+01 17
3.8602e+00 1.2759e+01 17
4.6277e+00 1.1341e+01 17
3.9110e+00 1.1328e+01 17
4.2490e+00 1.2005e+01 17
3.9799e+00 1.1263e+01 17
4.3200e+00 1.1932e+01 17
3.4511e+00 1.2182e+01 17
3.8390e+00 1.2335e+01 17
7.7797e+00 1.1246e+01 18
8.1197e+00 1.2164e+01 18
8.1139e+00 1.1660e+01 18
8.5587e+00 1.1836e+01 18
8.8306e+00 1.2513e+01 18
8.2798e+00 1.1709e+01 18
8.2520e+00 1.1869e+01 18
8.6745e+00 1.1362e+01 18
7.9569e+00 1.3503e+01 18
7.8861e+00 1.2955e+01 18
7.6333e+00 1.1586e+01 18
8.5038e+00 1.1362e+01 18
6.8989e+00 1.1130e+01 18
7.4269e+00 1.2622e+01 18
8.6914e+00 1.2168e+01 18
7.9762e+00 1.2091e+01 18
8.3254e+00 1.1949e+01 18
7.7915e+00 1.2079e+01 18
8.0328e+00 1.1839e+01 18
7.8176e+00 1.2205e+01 18
6.7473e+00 1.2145e+01 18
8.4683e+00 1.1865e+01 18
8.2730e+00 1.2252e+01 18
8.9469e+00 1.1098e+01 18
8.3132e+00 1.0823e+01 18
1.1820e+01 1.2058e+01 19
1.2776e+01 1.1226e+01 19
1.1684e+01 1.1947e+01 19
1.2605e+01 1.2353e+01 19
1.1545e+01 1.1822e+01 19
1.2470e+01 1.2026e+01 19
1.1577e+01 1.2594e+01 19
1.1786e+01 1.2088e+01 19
1.2259e+01 1.1853e+01 19
1.1092e+01 1.1328e+01 19
1.2576e+01 1.2161e+01 19
1.1918e+01 1.1095e+01 19
1.3460e+01 1.2193e+01 19
1.2227e+01 1.1403e+01 19
1.1933e+01 1.1917e+01 19
1.1806e+01 1.1177e+01 19
1.2167e+01 1.1618e+01 19
1.1856e+01 1.2326e+01 19
1.1744e+01 1.2050e+01 19
1.2322e+01 1.2518e+01 19
1.1416e+01 1.1941e+01 19
1.2141e+01 1.1402e+01 19
1.2680e+01 1.1833e+01 19
1.1636e+01 1.1802e+01 19
1.2414e+01 1.2689e+01 19
1.5128e+01 1.1703e+01 20
1.5677e+01 1.1893e+01 20
1.5912e+01 1.0853e+01 20
1.6072e+01 1.1883e+01 20
1.6058e+01 1.1942e+01 20
1.6188e+01 1.2637e+01 20
1.6299e+01 1.1828e+01 20
1.6064e+01 1.1967e+01 20
1.6047e+01 1.1240e+01 20
1.5398e+01 1.1948e+01 20
1.6423e+01 1.1375e+01 20
1.6137e+01 1.1861e+01 20
1.5875e+01 1.2306e+01 20
1.5492e+01 1.1760e+01 20
1.6028e+01 1.2055e+01 20
1.6959e+01 1.2580e+01 20
1.5006e+01 1.1738e+01 20
1.6239e+01 1.2174e+01 20
1.6390e+01 1.2029e+01 20
1.6032e+01 1.1806e+01 20
1.5540e+01 1.2556e+01 20
1.5928e+01 1.1833e+01 20
1.5938e+01 1.2561e+01 20
1.5592e+01 1.0304e+01 20
1.5542e+01 1.1222e+01 20
8.4694e-02 1.6102e+01 21
-6.2911e-02 1.4954e+01 21
-5.3432e-01 1.5572e+01 21
-7.2899e-01 1.5473e+01 21
-8.7091e-01 1.7114e+01 21
7.6279e-02 1.5547e+01 21
-2.2262e-01 1.6564e+01 21
-6.4390e-01 1.6607e+01 21
2.5280e-01 1.6495e+01 21
-2.9635e-01 1.6456e+01 21
1.3537e-01 1.5397e+01 21
3.9008e-01 1.5617e+01 21
-1.6431e+00 1.6777e+01 21
-9.8946e-02 1.6031e+01 21
3.9197e-01 1.5511e+01 21
5.0941e-01 1.6699e+01 21
2.5401e-01 1.5745e+01 21
-5.0049e-01 1.6102e+01 21
-8.2121e-02 1.6011e+01 21
1.3889e-01 1.6593e+01 21
5.5017e-01 1.5863e+01 21
-1.0215e+00 1.6064e+01 21
3.0645e-01 1.5809e+01 21
3.7082e-01 1.6332e+01 21
3.2258e-01 1.6771e+01 21
3.6169e+00 1.6506e+01 22
3.9479e+00 1.6389e+01 22
4.3039e+00 1.6920e+01 22
4.2411e+00 1.5873e+01 22
5.1166e+00 1.6474e+01 22
4.6346e+00 1.5790e+01 22
3.9429e+00 1.6274e+01 22
4.2144e+00 1.5785e+01 22
3.5887e+00 1.6765e+01 22
3.9038e+00 1.5885e+01 22
5.0306e+00 1.6131e+01 22
3.7991e+00 1.6202e+01 22
4.1727e+00 1.5902e+01 22
4.4450e+00 1.5508e+01 22
3.7602e+00 1.6131e+01 22
4.2754e+00 1.6539e+01 22
3.4951e+00 1.6978e+01 22
4.5119e+00 1.6166e+01 22
3.8203e+00 1.5758e+01 22
2.8328e+00 1.6069e+01 22
4.9471e+00 1.5229e+01 22
3.9746e+00 1.5476e+01 22
3.7003e+00 1.6509e+01 22
4.1033e+00 1.6207e+01 22
4.0986e+00 1.5641e+01 22
7.7875e+00 1.5706e+01 23
8.2181e+00 1.5838e+01 23
8.9029e+00 1.6950e+01 23
8.9029e+00 1.6387e+01 23
7.8362e+00 1.5561e+01 23
7.3110e+00 1.5961e+01 23
8.1539e+00 1.5782e+01 23
8.1884e+00 1.6477e+01 23
8.4266e+00 1.6094e+01 23
7.7366e+00 1.5594e+01 23
8.9303e+00 1.6183e+01 23
8.3629e+00 1.6058e+01 23
8.6213e+00 1.5225e+01 23
7.7597e+00 1.5632e+01 23
8.9311e+00 1.5717e+01 23
7.6659e+00 1.5986e+01 23
8.1473e+00 1.5354e+01 23
7.4513e+00 1.6182e+01 23
7.4041e+00 1.6498e+01 23
6.9443e+00 1.6004e+01 23
8.6979e+00 1.6182e+01 23
9.0410e+00 1.6532e+01 23
8.4201e+00 1.6304e+01 23
8.0737e+00 1.6404e+01 23
7.0976e+00 1.5858e+01 23
1.2689e+01 1.6427e+01 24
1.1068e+01 1.5763e+01 24
1.2216e+01 1.6207e+01 24
1.2074e+01 1.4918e+01 24
1.1782e+01 1.4891e+01 24
1.1773e+01 1.5387e+01 24
1.2182e+01 1.6002e+01 24
1.2129e+01 1.5562e+01 24
1.1014e+01 1.5856e+01 24
1.2401e+01 1.5191e+01 24
1.1810e+01 1.5990e+01 24
1.1943e+01 1.7297e+01 24
1.2546e+01 1.5345e+01 24
1.2107e+01 1.6481e+01 24
1.1357e+01 1.5707e+01 24
1.2541e+01 1.6017e+01 24
1.2592e+01 1.6318e+01 24
1.2301e+01 1.5511e+01 24
1.3007e+01 1.6700e+01 24
1.2546e+01 1.5688e+01 24
1.1878e+01 1.5695e+01 24
1.1991e+01 1.6075e+01 24
1.1982e+01 1.6093e+01 24
1.1930e+01 1.6621e+01 24
1.1447e+01 1.5955e+01 24
1.5750e+01 1.6438e+01 25
1.6381e+01 1.5672e+01 25
1.7086e+01 1.6003e+01 25
1.5872e+01 1.6320e+01 25
1.5976e+01 1.6063e+01 25
1.5813e+01 1.5363e+01 25
1.6976e+01 1.6649e+01 25
1.5384e+01 1.6268e+01 25
1.6235e+01 1.6147e+01 25
1.6393e+01 1.5722e+01 25
1.5780e+01 1.6434e+01 25
1.5558e+01 1.6397e+01 25
1.6740e+01 1.6621e+01 25
1.6144e+01 1.5235e+01 25
1.5567e+01 1.6365e+01 25
1.6680e+01 1.5647e+01 25
1.5933e+01 1.6191e+01 25
1.5826e+01 1.6408e+01 25
1.6750e+01 1.6509e+01 25
1.5143e+01 1.6723e+01 25
1.6066e+01 1.5935e+01 25
1.6657e+01 1.6485e+01 25
1.5551e+01 1.6238e+01 25
1.5287e+01 1.6239e+01 25
1.5615e+01 1.6963e+01 25
-1.9410e-01 1.9982e+01 26
7.4291e-01 2.0300e+01 26
1.6594e-01 1.9925e+01 26
1.5358e-01 2.0401e+01 26
-5.5845e-01 2.0152e+01 26
-1.5619e+00 1.9783e+01 26
-1.3733e-01 1.9448e+01 26
-2.5238e-02 1.9620e+01 26
3.0194e-01 1.9721e+01 26
-1.5865e-01 2.0533e+01 26
-3.2715e-01 1.9740e+01 26
3.2626e-01 2.0568e+01 26
5.6001e-01 2.0229e+01 26
-5.2623e-01 1.9320e+01 26
-3.0297e-02 1.9536e+01 26
-5.8465e-01 2.0619e+01 26
2.1816e-01 2.0375e+01 26
-5.9046e-01 2.0044e+01 26
2.7308e-01 2.0491e+01 26
2.2003e-01 1.9828e+01 26
-4.1815e-01 1.9954e+01 26
2.9305e-02 2.0965e+01 26
-4.3112e-01 2.0587e+01 26
6.6375e-01 1.8383e+01 26
1.2551e+00 1.9830e+01 26
3.5514e+00 1.9871e+01 27
4.2572e+00 2.0200e+01 27
3.8406e+00 2.0048e+01 27
3.6156e+00 1.9663e+01 27
4.2505e+00 2.0520e+01 27
3.8586e+00 2.0185e+01 27
3.6159e+00 1.9761e+01 27
3.8343e+00 2.0502e+01 27
3.5175e+00 1.9732e+01 27
4.3795e+00 2.0168e+01 27
3.3942e+00 2.0059e+01 27
3.6917e+00 1.9789e+01 27
3.2268e+00 2.0067e+01 27
3.8207e+00 1.9801e+01 27
4.3770e+00 2.0232e+01 27
4.1226e+00 1.9956e+01 27
3.9409e+00 2.1016e+01 27
4.3028e+00 2.0305e+01 27
3.1669e+00 1.9792e+01 27
3.5188e+00 2.0098e+01 27
4.2276e+00 1.9720e+01 27
3.1275e+00 2.0505e+01 27
3.8192e+00 1.9859e+01 27
5.2941e+00 2.0645e+01 27
4.3789e+00 2.0393e+01 27
8.4754e+00 2.0549e+01 28
8.1363e+00 2.0783e+01 28
8.2123e+00 2.0871e+01 28
8.2214e+00 1.9872e+01 28
8.2310e+00 1.9609e+01 28
8.8759e+00 1.9644e+01 28
7.4809e+00 2.0646e+01 28
7.6805e+00 1.9629e+01 28
8.1575e+00 2.0250e+01 28
7.6270e+00 1.9877e+01 28
8.4533e+00 1.9810e+01 28
7.3833e+00 2.0802e+01 28
8.3321e+00 2.0755e+01 28
8.0397e+00 2.0418e+01 28
8.0303e+00 1.9837e+01 28
8.2241e+00 1.9352e+01 28
8.2407e+00 1.9406e+01 28
7.7937e+00 1.9514e+01 28
7.2896e+00 1.9469e+01 28
8.3242e+00 2.0610e+01 28
8.3952e+00 1.9572e+01 28
8.1165e+00 1.9846e+01 28
8.8994e+00 2.0177e+01 28
7.9021e+00 2.0212e+01 28
8.1620e+00 1.9849e+01 28
1.2147e+01 2.0654e+01 29
1.2792e+01 1.9703e+01 29
1.1975e+01 2.0047e+01 29
1.1700e+01 2.0786e+01 29
1.1049e+01 2.0089e+01 29
1.2139e+01 1.9325e+01 29
1.1917e+01 1.9769e+01 29
1.0914e+01 2.0268e+01 29
1.0824e+01 1.9931e+01 29
1.1714e+01 2.0366e+01 29
1.1540e+01 1.9364e+01 29
1.2321e+01 2.0368e+01 29
1.2205e+01 2.0153e+01 29
1.2559e+01 2.0969e+01 29
1.0681e+01 2.0977e+01 29
1.1351e+01 1.9817e+01 29
1.1487e+01 1.9982e+01 29
1.1933e+01 1.9908e+01 29
1.2392e+01 1.9386e+01 29
1.2200e+01 2.0001e+01 29
1.2436e+01 1.9544e+01 29
1.1862e+01 2.0934e+01 29
1.1419e+01 1.9960e+01 29
1.0956e+01 2.0529e+01 29
1.0820e+01 2.0710e+01 29
1.6097e+01 1.9132e+01 30
1.6459e+01 1.9991e+01 30
1.5686e+01 2.0286e+01 30
1.6387e+01 2.0275e+01 30
1.5927e+01 1.9042e+01 30
1.6108e+01 1.9884e+01 30
1.5623e+01 2.0657e+01 30
1.6803e+01 1.9761e+01 30
1.6237e+01 2.0189e+01 30
1.6080e+01 1.9811e+01 30
1.5957e+01 1.9905e+01 30
1.5734e+01 1.8869e+01 30
1.5331e+01 1.9365e+01 30
1.6456e+01 2.0038e+01 30
1.5832e+01 2.0674e+01 30
1.6391e+01 2.0183e+01 30
1.5135e+01 2.0197e+01 30
1.5652e+01 2.0331e+01 30
1.5719e+01 2.0495e+01 30
1.6441e+01 1.9317e+01 30
1.6057e+01 1.9367e+01 30
1.5321e+01 2.1085e+01 30
1.6105e+01 1.9492e+01 30
1.6072e+01 2.0465e+01 30
1.5392e+01 1.9744e+01 30
6.3265e-01 2.4606e+01 31
9.8700e-01 2.4659e+01 31
-5.4839e-01 2.3895e+01 31
1.1931e+00 2.3180e+01 31
-1.1848e-01 2.3614e+01 31
3.9160e-01 2.4331e+01 31
-3.9531e-01 2.3371e+01 31
-1.0026e+00 2.3748e+01 31
-6.7434e-01 2.3771e+01 31
-5.0703e-02 2.4780e+01 31
-8.2276e-01 2.3338e+01 31
6.5534e-01 2.4078e+01 31
-2.2424e-01 2.3888e+01 31
6.3816e-01 2.3507e+01 31
3.4333e-01 2.4425e+01 31
1.4378e-01 2.5050e+01 31
1.8800e-01 2.4579e+01 31
-3.2197e-01 2.3271e+01 31
4.3932e-01 2.4790e+01 31
-4.1329e-01 2.4015e+01 31
-8.2699e-01 2.3753e+01 31
3.1751e-01 2.3641e+01 31
1.7069e-01 2.4522e+01 31
-2.1919e-01 2.4221e+01 31
-3.5104e-02 2.4561e+01 31
4.5695e+00 2.3842e+01 32
2.4542e+00 2.4670e+01 32
4.4115e+00 2.3915e+01 32
3.9464e+00 2.3615e+01 32
3.8925e+00 2.3133e+01 32
4.9822e+00 2.4051e+01 32
3.8970e+00 2.3340e+01 32
2.7691e+00 2.3720e+01 32
3.8413e+00 2.4242e+01 32
4.1561e+00 2.3982e+01 32
3.8778e+00 2.4080e+01 32
4.3405e+00 2.4358e+01 32
3.3185e+00 2.4187e+01 32
4.2956e+00 2.4342e+01 32
4.1071e+00 2.3901e+01 32
3.3177e+00 2.3886e+01 32
4.2792e+00 2.4185e+01 32
4.1806e+00 2.3454e+01 32
4.1550e+00 2.3734e+01 32
3.8106e+00 2.4068e+01 32
4.7281e+00 2.4820e+01 32
4.5311e+00 2.4589e+01 32
4.4404e+00 2.3064e+01 32
3.3142e+00 2.4708e+01 32
3.8963e+00 2.3994e+01 32
8.1976e+00 2.4593e+01 33
8.1541e+00 2.3969e+01 33
9.1168e+00 2.4630e+01 33
7.7256e+00 2.3820e+01 33
8.2948e+00 2.3283e+01 33
7.5686e+00 2.3592e+01 33
8.2597e+00 2.3927e+01 33
8.1862e+00 2.3462e+01 33
7.7164e+00 2.3707e+01 33
7.9422e+00 2.3778e+01 33
7.8087e+00 2.3875e+01 33
8.0362e+00 2.4155e+01 33
8.6170e+00 2.4329e+01 33
7.8602e+00 2.3983e+01 33
7.8156e+00 2.4008e+01 33
7.7678e+00 2.3883e+01 33
7.9750e+00 2.4871e+01 33
7.4928e+00 2.3935e+01 33
8.2010e+00 2.4229e+01 33
7.1006e+00 2.3575e+01 33
7.6517e+00 2.3485e+01 33
8.0722e+00 2.3649e+01 33
7.7357e+00 2.4670e+01 33
8.1743e+00 2.4795e+01 33
7.3021e+00 2.4537e+01 33
1.2574e+01 2.4535e+01 34
1.1597e+01 2.4058e+01 34
1.2196e+01 2.4784e+01 34
1.2302e+01 2.3703e+01 34
1.1550e+01 2.3380e+01 34
1.1793e+01 2.3961e+01 34
1.1379e+01 2.3785e+01 34
1.1951e+01 2.2885e+01 34
1.1213e+01 2.4039e+01 34
1.2477e+01 2.3913e+01 34
1.1367e+01 2.3255e+01 34
1.1297e+01 2.3746e+01 34
1.2017e+01 2.3795e+01 34
1.1480e+01 2.4028e+01 34
1.1573e+01 2.2959e+01 34
1.2211e+01 2.3788e+01 34
1.1782e+01 2.3928e+01 34
1.2863e+01 2.3739e+01 34
1.2152e+01 2.4040e+01 34
1.2683e+01 2.4153e+01 34
1.1776e+01 2.4370e+01 34
1.3199e+01 2.3577e+01 34
1.1234e+01 2.4236e+01 34
1.2178e+01 2.4902e+01 34
1.2379e+01 2.3789e+01 34
1.6148e+01 2.3640e+01 35
1.6348e+01 2.4036e+01 35
1.5250e+01 2.3719e+01 35
1.5495e+01 2.4180e+01 35
1.6494e+01 2.4323e+01 35
1.6011e+01 2.4216e+01 35
1.6433e+01 2.4431e+01 35
1.6201e+01 2.3616e+01 35
1.6212e+01 2.4200e+01 35
1.5712e+01 2.4193e+01 35
1.4660e+01 2.4056e+01 35
1.6109e+01 2.3788e+01 35
1.6087e+01 2.3462e+01 35
1.5063e+01 2.3363e+01 35
1.6081e+01 2.4130e+01 35
1.4885e+01 2.4196e+01 35
1.5532e+01 2.3102e+01 35
1.6247e+01 2.3797e+01 35
1.6386e+01 2.3601e+01 35
1.4915e+01 2.3972e+01 35
1.6353e+01 2.4616e+01 35
1.6344e+01 2.3728e+01 35
1.5736e+01 2.5237e+01 35
1.5869e+01 2.4577e+01 35
1.5519e+01 2.3759e+01 35
-3.4802e-01 2.8398e+01 36
2.3035e-01 2.8265e+01 36
5.1041e-01 2.7621e+01 36
-3.5224e-01 2.7967e+01 36
8.2542e-01 2.8048e+01 36
-2.4442e-01 2.8284e+01 36
-3.9212e-01 2.7643e+01 36
3.2553e-01 2.8090e+01 36
2.6050e-01 2.8631e+01 36
-1.3734e+00 2.8441e+01 36
2.8507e-01 2.7922e+01 36
1.1012e+00 2.6994e+01 36
1.0322e+00 2.8122e+01 36
-1.9932e-01 2.8718e+01 36
-5.0333e-01 2.7326e+01 36
6.8266e-01 2.7635e+01 36
8.9910e-01 2.8169e+01 36
-1.2037e+00 2.7875e+01 36
1.4760e-01 2.8160e+01 36
-1.8999e-01 2.8028e+01 36
-1.1829e-01 2.7629e+01 36
-2.0143e-02 2.7450e+01 36
-2.3472e-01 2.7747e+01 36
-1.2718e-01 2.7801e+01 36
-9.5709e-01 2.7563e+01 36
3.8516e+00 2.7500e+01 37
3.8186e+00 2.8102e+01 37
3.6406e+00 2.9040e+01 37
2.8806e+00 2.8828e+01 37
3.9127e+00 2.8147e+01 37
4.9928e+00 2.7463e+01 37
4.3768e+00 2.8338e+01 37
3.4060e+00 2.7731e+01 37
3.3051e+00 2.8415e+01 37
3.6855e+00 2.7487e+01 37
3.9503e+00 2.8369e+01 37
3.1429e+00 2.8346e+01 37
3.8983e+00 2.8330e+01 37
4.2626e+00 2.8377e+01 37
3.9505e+00 2.8623e+01 37
4.4557e+00 2.7740e+01 37
3.4836e+00 2.7903e+01 37
4.1816e+00 2.8409e+01 37
3.8114e+00 2.9013e+01 37
3.9478e+00 2.7836e+01 37
4.0529e+00 2.8076e+01 37
3.4248e+00 2.8445e+01 37
4.6650e+00 2.7700e+01 37
4.5985e+00 2.8740e+01 37
4.4285e+00 2.8530e+01 37
7.8198e+00 2.7788e+01 38
8.0194e+00 2.8417e+01 38
8.0878e+00 2.7942e+01 38
8.5999e+00 2.8181e+01 38
8.2046e+00 2.8105e+01 38
8.7070e+00 2.7548e+01 38
8.3970e+00 2.8569e+01 38
8.1714e+00 2.8700e+01 38
7.5716e+00 2.9000e+01 38
7.3309e+00 2.8387e+01 38
7.8229e+00 2.8840e+01 38
8.3869e+00 2.8003e+01 38
7.7182e+00 2.7989e+01 38
7.5526e+00 2.7588e+01 38
7.5609e+00 2.8916e+01 38
7.4357e+00 2.8336e+01 38
7.9369e+00 2.6933e+01 38
8.2493e+00 2.7951e+01 38
8.8300e+00 2.8408e+01 38
8.2242e+00 2.7340e+01 38
8.4967e+00 2.8143e+01 38
8.3433e+00 2.7379e+01 38
8.8531e+00 2.7985e+01 38
8.2609e+00 2.8064e+01 38
9.0359e+00 2.7985e+01 38
1.1699e+01 2.8886e+01 39
1.1508e+01 2.7709e+01 39
1.0767e+01 2.8162e+01 39
1.1967e+01 2.8203e+01 39
1.2980e+01 2.8034e+01 39
1.1346e+01 2.8820e+01 39
1.1979e+01 2.7529e+01 39
1.2850e+01 2.7516e+01 39
1.2543e+01 2.7665e+01 39
1.2581e+01 2.7619e+01 39
1.1390e+01 2.7930e+01 39
1.1807e+01 2.8600e+01 39
1.1499e+01 2.7048e+01 39
1.1613e+01 2.8213e+01 39
1.1421e+01 2.8204e+01 39
1.2837e+01 2.8211e+01 39
1.1154e+01 2.7797e+01 39
1.2372e+01 2.8307e+01 39
1.2341e+01 2.7756e+01 39
1.2393e+01 2.7865e+01 39
1.2211e+01 2.7810e+01 39
1.1388e+01 2.7401e+01 39
1.2149e+01 2.8434e+01 39
1.2525e+01 2.8400e+01 39
1.1645e+01 2.9151e+01 39
1.6508e+01 2.7759e+01 40
1.5754e+01 2.8672e+01 40
1.5968e+01 2.8213e+01 40
1.6529e+01 2.7185e+01 40
1.6332e+01 2.7907e+01 40
1.5772e+01 2.6968e+01 40
1.5817e+01 2.8141e+01 40
1.6531e+01 2.7645e+01 40
1.6699e+01 2.7252e+01 40
1.5463e+01 2.8022e+01 40
1.5321e+01 2.8621e+01 40
1.5802e+01 2.8637e+01 40
1.5700e+01 2.8354e+01 40
1.5739e+01 2.7302e+01 40
1.6209e+01 2.7127e+01 40
1.5555e+01 2.8907e+01 40
1.6757e+01 2.8434e+01 40
1.6385e+01 2.8538e+01 40
1.7293e+01 2.8247e+01 40
1.6139e+01 2.8162e+01 40
1.6314e+01 2.7928e+01 40
1.5894e+01 2.7009e+01 40
1.5895e+01 2.9020e+01 40
1.6306e+01 2.7786e+01 40
1.5853e+01 2.8327e+01 40
