5.7769e-01 5.9084e-01 1
4.7746e-01 4.3797e-01 1
5.1348e-01 4.7111e-01 1
4.9848e-01 5.1559e-01 1
4.7056e-01 6.5054e-01 1
4.9704e-01 5.0662e-01 1
6.3363e-01 5.3998e-01 1
5.1147e-01 4.4621e-01 1
4.1785e-01 3.9297e-01 1
5.0378e-01 4.2344e-01 1
5.3227e-01 7.0335e-01 1
6.0708e-01 4.4998e-01 1
4.6332e-01 3.4806e-01 1
6.5040e-01 5.0119e-01 1
4.6801e-01 3.1660e-01 1
5.1606e-01 5.8480e-01 1
4.3754e-01 3.8453e-01 1
4.6292e-01 3.2486e-01 1
7.0056e-01 3.9835e-01 1
5.0802e-01 5.7092e-01 1
6.0305e-01 5.2822e-01 1
5.3794e-01 6.4771e-01 1
5.7567e-01 6.2714e-01 1
4.5906e-01 3.6593e-01 1
5.2981e-01 5.5751e-01 1
3.6730e-01 5.4965e-01 1
5.7393e-01 5.0230e-01 1
3.5374e-01 5.3253e-01 1
5.1816e-01 5.3541e-01 1
4.5869e-01 4.9053e-01 1
6.0381e-01 4.9787e-01 1
6.6772e-01 4.3538e-01 1
5.3898e-01 6.0031e-01 1
5.5154e-01 4.5204e-01 1
5.3992e-01 4.2570e-01 1
4.5813e-01 5.4566e-01 1
4.0229e-01 6.4418e-01 1
5.4473e-01 4.4644e-01 1
4.9461e-01 4.9159e-01 1
5.9228e-01 4.8386e-01 1
4.7920e-01 3.1684e-01 1
6.1380e-01 3.9930e-01 1
4.0343e-01 6.7595e-01 1
6.5196e-01 5.5623e-01 1
4.3749e-01 5.8783e-01 1
6.5248e-01 4.0184e-01 1
4.8053e-01 6.3784e-01 1
5.8019e-01 4.7995e-01 1
4.3911e-01 3.9421e-01 1
4.5963e-01 6.5563e-01 1
7.1335e-01 3.5377e-01 1
5.1667e-01 5.1279e-01 1
6.5697e-01 6.1734e-01 1
4.7309e-01 5.2025e-01 1
5.1092e-01 6.9838e-01 1
4.5218e-01 4.7600e-01 1
5.0326e-01 6.6504e-01 1
4.7941e-01 4.6758e-01 1
5.0545e-01 6.2703e-01 1
5.0458e-01 4.4689e-01 1
4.7507e-01 3.8211e-01 1
6.4385e-01 4.4176e-01 1
5.0593e-01 2.8178e-01 1
5.0226e-01 4.2841e-01 1
5.6067e-01 4.2866e-01 1
5.6475e-01 5.4730e-01 1
5.6197e-01 6.0727e-01 1
5.1133e-01 5.7050e-01 1
5.4406e-01 3.8731e-01 1
5.0466e-01 4.9620e-01 1
6.1473e-01 3.1799e-01 1
4.0354e-01 3.7366e-01 1
3.7979e-01 3.9145e-01 1
2.7865e-01 6.1600e-01 1
5.8058e-01 4.7130e-01 1
5.4212e-01 2.5833e-01 1
3.6040e-01 3.9039e-01 1
4.1260e-01 4.4141e-01 1
4.9912e-01 6.4636e-01 1
6.3416e-01 4.7097e-01 1
5.4473e-01 5.0808e-01 1
5.6632e-01 5.1736e-01 1
6.9874e-01 5.0728e-01 1
3.2635e-01 5.0306e-01 1
3.3760e-01 5.0720e-01 1
5.2001e-01 7.2540e-01 1
4.0988e-01 4.8706e-01 1
3.3198e-01 4.1467e-01 1
5.0423e-01 6.3753e-01 1
3.1318e-01 6.1549e-01 1
4.0077e-01 5.3567e-01 1
2.3577e-01 5.7572e-01 1
6.2081e-01 5.4353e-01 1
5.8004e-01 5.4639e-01 1
5.6444e-01 5.2955e-01 1
5.0024e-01 4.9941e-01 1
5.2400e-01 5.4353e-01 1
4.2465e-01 4.1906e-01 1
3.7305e-01 7.2806e-01 1
5.5618e-01 4.9839e-01 1
6.5625e-01 5.0822e-01 1
6.6354e-01 4.0454e-01 1
2.2601e-01 4.6663e-01 1
6.6168e-01 4.6431e-01 1
5.0156e-01 5.1541e-01 1
5.6519e-01 5.7571e-01 1
5.0511e-01 5.1195e-01 1
5.1806e-01 5.8710e-01 1
5.1529e-01 5.6837e-01 1
6.2815e-01 4.7179e-01 1
5.5106e-01 4.9530e-01 1
3.8783e-01 4.4978e-01 1
5.8475e-01 6.2356e-01 1
4.7884e-01 4.5150e-01 1
6.5918e-01 4.2600e-01 1
6.8768e-01 5.1509e-01 1
5.8783e-01 4.0742e-01 1
5.5993e-01 4.2095e-01 1
3.4275e-01 5.4888e-01 1
3.3231e-01 6.6441e-01 1
6.2385e-01 5.2765e-01 1
6.1976e-01 3.2954e-01 1
5.6536e-01 5.3468e-01 1
6.5914e-01 3.1808e-01 1
5.3844e-01 4.9045e-01 1
5.2247e-01 4.5363e-01 1
4.7159e-01 5.6122e-01 1
3.1642e-01 5.5229e-01 1
4.0463e-01 5.0849e-01 1
4.6570e-01 4.5259e-01 1
5.2236e-01 4.5260e-01 1
3.5124e-01 4.8657e-01 1
5.8619e-01 3.6650e-01 1
4.1658e-01 6.7685e-01 1
5.7222e-01 4.5408e-01 1
3.9039e-01 4.3790e-01 1
3.5159e-01 5.6071e-01 1
3.9157e-01 4.1360e-01 1
6.6949e-01 3.9249e-01 1
4.3580e-01 3.3449e-01 1
6.7290e-01 6.6016e-01 1
5.8063e-01 4.6542e-01 1
3.6380e-01 4.6032e-01 1
3.5730e-01 4.8927e-01 1
5.3533e-01 3.1064e-01 1
4.9579e-01 4.9576e-01 1
5.8207e-01 4.3026e-01 1
4.9882e-01 1.8801e-01 1
5.3683e-01 5.4511e-01 1
6.3539e-01 5.8287e-01 1
4.1996e-01 6.0024e-01 1
4.4531e-01 5.0594e-01 1
4.9575e-01 4.2684e-01 1
5.2889e-01 3.2902e-01 1
4.8296e-01 4.4776e-01 1
5.8275e-01 6.6968e-01 1
4.8492e-01 4.4291e-01 1
6.4588e-01 3.7841e-01 1
7.2306e-01 5.0274e-01 1
5.5289e-01 5.2525e-01 1
6.9621e-01 3.9555e-01 1
5.6528e-01 4.7295e-01 1
7.8301e-01 4.8499e-01 1
3.9515e-01 4.5149e-01 1
3.9614e-01 5.4880e-01 1
5.7245e-01 4.2369e-01 1
4.1180e-01 4.9440e-01 1
4.8172e-01 4.0540e-01 1
4.9482e-01 5.3314e-01 1
5.3123e-01 5.8449e-01 1
3.4077e-01 6.1366e-01 1
6.9490e-01 6.5577e-01 1
3.2979e-01 6.5966e-01 1
3.4125e-01 4.3644e-01 1
6.6456e-01 5.9301e-01 1
4.9927e-01 5.9212e-01 1
4.5033e-01 5.8655e-01 1
4.2442e-01 3.4469e-01 1
6.2809e-01 6.1040e-01 1
5.0947e-01 4.9132e-01 1
4.8152e-01 4.4487e-01 1
6.3743e-01 4.7451e-01 1
5.6904e-01 5.1942e-01 1
4.8200e-01 6.2120e-01 1
4.6017e-01 4.3153e-01 1
5.5458e-01 3.0220e-01 1
4.9496e-01 4.5022e-01 1
6.0936e-01 4.8813e-01 1
5.6650e-01 3.9057e-01 1
4.6906e-01 3.1218e-01 1
5.6156e-01 5.2995e-01 1
6.4170e-01 5.1132e-01 1
6.1201e-01 5.2361e-01 1
5.5439e-01 5.3923e-01 1
5.9765e-01 4.4488e-01 1
5.2076e-01 5.4321e-01 1
4.2257e-01 4.3969e-01 1
4.5245e-01 5.0462e-01 1
4.5550e-01 2.3995e-01 1
6.0338e-01 6.0371e-01 1
3.8831e-01 5.0625e-01 1
4.1732e-01 4.1901e-01 1
3.4854e-01 5.8780e-01 1
4.2952e-01 5.4696e-01 1
2.9362e-01 4.4748e-01 1
5.7689e-01 4.4074e-01 1
4.5751e-01 4.3793e-01 1
5.5699e-01 3.4581e-01 1
3.2939e-01 4.4174e-01 1
5.0516e-01 5.6373e-01 1
5.0576e-01 4.0359e-01 1
5.6454e-01 5.8513e-01 1
4.7478e-01 3.5755e-01 1
5.5115e-01 3.7380e-01 1
3.6468e-01 5.2332e-01 1
3.3045e-01 5.8889e-01 1
5.1363e-01 5.9753e-01 1
4.7242e-01 5.2389e-01 1
6.5368e-01 4.9711e-01 1
5.6118e-01 4.2779e-01 1
5.5703e-01 3.5481e-01 1
6.3792e-01 5.7596e-01 1
5.0387e-01 3.5772e-01 1
5.7312e-01 4.5313e-01 1
4.0123e-01 5.6608e-01 1
5.0859e-01 5.0568e-01 1
4.7489e-01 4.4325e-01 1
2.8724e-01 6.1332e-01 1
4.5613e-01 5.6226e-01 1
4.8019e-01 5.3382e-01 1
6.5593e-01 3.2719e-01 1
5.2599e-01 5.1888e-01 1
5.6507e-01 4.5135e-01 1
5.9352e-01 5.8532e-01 1
3.2876e-01 4.4388e-01 1
4.5440e-01 5.4223e-01 1
4.6318e-01 6.6283e-01 1
5.7296e-01 6.1983e-01 1
4.1735e-01 4.0911e-01 1
5.7811e-01 6.8213e-01 1
6.0202e-01 5.9287e-01 1
4.5832e-01 6.1971e-01 1
5.8866e-01 4.1862e-01 1
5.0108e-01 5.1302e-01 1
5.3348e-01 5.6005e-01 1
5.8023e-01 3.9887e-01 1
5.5487e-01 6.1546e-01 1
5.8371e-01 5.7762e-01 1
5.1576e-01 5.9593e-01 1
4.8499e-01 6.8425e-01 1
4.9644e-01 6.2741e-01 1
5.4775e-01 5.8627e-01 1
2.6574e-01 5.4658e-01 1
5.4286e-01 4.8641e-01 1
5.4377e-01 6.4849e-01 1
5.4449e-01 5.8845e-01 1
4.8166e-01 4.7594e-01 1
4.6031e-01 4.3607e-01 1
3.7921e-01 5.4652e-01 1
4.6894e-01 4.3737e-01 1
3.5913e-01 4.2776e-01 1
6.7852e-01 4.8675e-01 1
4.2574e-01 5.4685e-01 1
4.0807e-01 3.9698e-01 1
6.0728e-01 6.9067e-01 1
5.0487e-01 5.5280e-01 1
3.5563e-01 4.1744e-01 1
5.0021e-01 5.1455e-01 1
5.1959e-01 4.8167e-01 1
4.2694e-01 3.2015e-01 1
3.5712e-01 5.3794e-01 1
3.7474e-01 4.1032e-01 1
3.7279e-01 4.3707e-01 1
4.6927e-01 4.9699e-01 1
4.5405e-01 3.3144e-01 1
5.1877e-01 6.9747e-01 1
5.1275e-01 5.9036e-01 1
5.1480e-01 5.3041e-01 1
4.7686e-01 6.0914e-01 1
5.9676e-01 4.9897e-01 1
4.9673e-01 4.8584e-01 1
5.0957e-01 7.2519e-01 1
4.7006e-01 5.3655e-01 1
4.4802e-01 4.5696e-01 1
5.3053e-01 5.1481e-01 1
4.5010e-01 4.6688e-01 1
5.6760e-01 3.7142e-01 1
4.9259e-01 6.0129e-01 1
4.8447e-01 4.1964e-01 1
5.5631e-01 4.1406e-01 1
5.6147e-01 6.3837e-01 1
5.3733e-01 5.7894e-01 1
3.5588e-01 4.6959e-01 1
4.7740e-01 3.0994e-01 1
3.6130e-01 6.4439e-01 1
6.6141e-01 5.4924e-01 1
4.4212e-01 4.3931e-01 1
6.0627e-01 4.3876e-01 1
5.8728e-01 4.0917e-01 1
5.5652e-01 3.7408e-01 1
6.2777e-01 3.8054e-01 1
5.9416e-01 5.9897e-01 1
3.8313e-01 3.9365e-01 1
6.8761e-01 5.7521e-01 1
3.0962e-01 3.5070e-01 1
5.2723e-01 4.0101e-01 1
4.6497e-01 5.6547e-01 1
4.7820e-01 5.2006e-01 1
5.1646e-01 6.5312e-01 1
5.1989e-01 3.9642e-01 1
4.2437e-01 5.0715e-01 1
6.2403e-01 4.2552e-01 1
4.4898e-01 3.8585e-01 1
4.4425e-01 4.8524e-01 1
6.4548e-01 5.1414e-01 1
5.9915e-01 5.8070e-01 1
6.6069e-01 4.6206e-01 1
6.0462e-01 5.4171e-01 1
6.7546e-01 4.9571e-01 1
4.2012e-01 5.1425e-01 1
5.0762e-01 4.9142e-01 1
6.2183e-01 3.8538e-01 1
5.5808e-01 3.6101e-01 1
5.9673e-01 4.8844e-01 1
4.1595e-01 5.2433e-01 1
5.0725e-01 5.1750e-01 1
4.0347e-01 4.4775e-01 1
6.2272e-01 3.5237e-01 1
6.1211e-01 5.5766e-01 1
4.6444e-01 4.7568e-01 1
5.2652e-01 5.4984e-01 1
3.9755e-01 4.7638e-01 1
4.3265e-01 4.2504e-01 1
6.1014e-01 3.9790e-01 1
4.2343e-01 5.3200e-01 1
4.6180e-01 3.8801e-01 1
4.8341e-01 5.8856e-01 1
5.7847e-01 2.8949e-01 1
4.4718e-01 5.5863e-01 1
5.7052e-01 4.4154e-01 1
5.0435e-01 3.0300e-01 1
2.7304e-01 5.2589e-01 1
4.8590e-01 5.1990e-01 1
7.3838e-01 5.5132e-01 1
5.2782e-01 3.5177e-01 1
5.5137e-01 4.0349e-01 1
5.9655e-01 5.8390e-01 1
5.3244e-01 7.3010e-01 1
5.4015e-01 4.4052e-01 1
7.0081e-01 5.1122e-01 1
6.0664e-01 6.3978e-01 1
7.1259e-01 4.9585e-01 1
5.7973e-01 5.0593e-01 1
4.9935e-01 6.4692e-01 1
5.5494e-01 5.6022e-01 1
4.9742e-01 5.7974e-01 1
3.1347e-01 4.7770e-01 1
4.8373e-01 5.6479e-01 1
5.6376e-01 6.0588e-01 1
5.1632e-01 5.2747e-01 1
4.4164e-01 5.3444e-01 1
4.1283e-01 5.7689e-01 1
4.1844e-01 6.6365e-01 1
3.8906e-01 4.5599e-01 1
4.7051e-01 4.9144e-01 1
4.9122e-01 5.2016e-01 1
4.7601e-01 5.4258e-01 1
5.5821e-01 4.5771e-01 1
5.7343e-01 4.1115e-01 1
3.8338e-01 3.8972e-01 1
3.7860e-01 4.3123e-01 1
3.3014e-01 5.4746e-01 1
6.1980e-01 4.0681e-01 1
2.9254e-01 4.3197e-01 1
5.3128e-01 5.9266e-01 1
5.3323e-01 5.4252e-01 1
4.4335e-01 4.8937e-01 1
5.1843e-01 7.5009e-01 1
5.8247e-01 5.0590e-01 1
2.8405e-01 4.7628e-01 1
4.0480e-01 3.7422e-01 1
6.1841e-01 5.2449e-01 1
4.8801e-01 3.5720e-01 1
4.9897e-01 4.2176e-01 1
4.6466e-01 2.8515e-01 1
3.8301e-01 4.7701e-01 1
4.7099e-01 4.2615e-01 1
3.0918e-01 6.0570e-01 1
5.2489e-01 5.8345e-01 1
6.0141e-01 5.2559e-01 1
5.8646e-01 4.7452e-01 1
4.8012e-01 7.6738e-01 1
5.5057e-01 3.4539e-01 1
3.7689e-01 6.0862e-01 1
3.9908e-01 5.4511e-01 1
5.9068e-01 4.5821e-01 1
4.4557e-01 4.5634e-01 1
7.0363e-01 4.7764e-01 1
3.3163e-01 3.9695e-01 1
5.5979e-01 4.2204e-01 1
5.0612e-01 5.9513e-01 1
5.6411e-01 4.5121e-01 1
2.5816e-01 5.2871e-01 1
4.7206e-01 5.2099e-01 1
5.2661e-01 6.7676e-01 1
3.0548e-01 4.9711e-01 1
4.7856e-01 6.7294e-01 1
5.6229e-01 5.3254e-01 1
4.7428e-01 4.6232e-01 1
3.3230e-01 6.0562e-01 1
4.4565e-01 4.3076e-01 1
6.8079e-01 4.7444e-01 1
6.5353e-01 5.0762e-01 1
5.4863e-01 4.6837e-01 1
6.8282e-01 5.7931e-01 1
4.8483e-01 6.2408e-01 1
5.3247e-01 5.1046e-01 1
5.6976e-01 3.5673e-01 1
4.9936e-01 5.2437e-01 1
5.6937e-01 5.3980e-01 1
5.6800e-01 3.4388e-01 1
4.5384e-01 3.8810e-01 1
5.4235e-01 5.3353e-01 1
5.0274e-01 3.7002e-01 1
5.3460e-01 5.1232e-01 1
3.6461e-01 4.3367e-01 1
4.2452e-01 4.5313e-01 1
5.5259e-01 5.4070e-01 1
3.5934e-01 5.0893e-01 1
4.5002e-01 5.9765e-01 1
6.9018e-01 5.3583e-01 1
4.7208e-01 4.2380e-01 1
4.2299e-01 6.8375e-01 1
4.3526e-01 5.2626e-01 1
4.6346e-01 6.5054e-01 1
5.4823e-01 8.0431e-01 1
4.3843e-01 4.3839e-01 1
5.9723e-01 4.2468e-01 1
4.9137e-01 4.1114e-01 1
5.7375e-01 4.4754e-01 1
5.5195e-01 4.8812e-01 1
5.1274e-01 5.3461e-01 1
4.8452e-01 5.3996e-01 1
6.5728e-01 3.6560e-01 1
5.0400e-01 2.4935e-01 1
3.9346e-01 4.1921e-01 1
4.3258e-01 5.8380e-01 1
5.4277e-01 3.6862e-01 1
4.2873e-01 5.0907e-01 1
4.8404e-01 5.4227e-01 1
3.8533e-01 5.2490e-01 1
5.8581e-01 4.8410e-01 1
5.0410e-01 4.3890e-01 1
6.7718e-01 4.5200e-01 1
6.2365e-01 3.9690e-01 1
5.1765e-01 6.2511e-01 1
6.4222e-01 5.0034e-01 1
5.5808e-01 4.3931e-01 1
3.7125e-01 6.5371e-01 1
5.3227e-01 7.4665e-01 1
3.0466e-01 5.6748e-01 1
3.0985e-01 4.8459e-01 1
6.0050e-01 4.7682e-01 1
5.1776e-01 4.0027e-01 1
4.8230e-01 5.8816e-01 1
3.5475e-01 4.1696e-01 1
4.0373e-01 5.3445e-01 1
3.8629e-01 6.8921e-01 1
5.2344e-01 6.2934e-01 1
5.4929e-01 5.9661e-01 1
7.1301e-01 2.4670e-01 1
6.3167e-01 6.0988e-01 1
5.2683e-01 6.4787e-01 1
5.7429e-01 5.4416e-01 1
4.9081e-01 5.0674e-01 1
5.0657e-01 4.4640e-01 1
5.2129e-01 7.1879e-01 1
5.0553e-01 4.6967e-01 1
4.2528e-01 4.8290e-01 1
4.0325e-01 5.4389e-01 1
3.6357e-01 5.4472e-01 1
3.5772e-01 4.9015e-01 1
3.5945e-01 4.6799e-01 1
2.8677e-01 4.4339e-01 1
2.2852e-01 4.8611e-01 1
5.3716e-01 3.9330e-01 1
4.8784e-01 6.0511e-01 1
4.1854e-01 6.2543e-01 1
4.4077e-01 6.8266e-01 1
3.9413e-01 6.9893e-01 1
5.7147e-01 5.2212e-01 1
4.4567e-01 4.6623e-01 1
4.9619e-01 3.6933e-01 1
4.6072e-01 5.4163e-01 1
5.6756e-01 5.6128e-01 1
4.2990e-01 4.3029e-01 1
4.5174e-01 4.7383e-01 1
6.2295e-01 6.1520e-01 1
3.4019e-01 6.5931e-01 1
5.8906e-01 4.2374e-01 1
4.5071e-01 5.5947e-01 1
3.2139e-01 6.4555e-01 1
4.6845e-01 4.3667e-01 1
3.7089e-01 4.6994e-01 1
3.5185e-01 4.3889e-01 1
4.5739e-01 5.7238e-01 1
4.1029e-01 6.3280e-01 1
4.0757e-01 4.5120e-01 1
5.3642e-01 6.3569e-01 1
5.7442e-01 7.0319e-01 1
6.2883e-01 4.4965e-01 1
7.2403e-01 5.1906e-01 1
5.2263e-01 3.8377e-01 1
5.7954e-01 5.0257e-01 1
4.4814e-01 4.3616e-01 1
2.7217e-01 5.3857e-01 1
4.2401e-01 4.8071e-01 1
5.5042e-01 5.3629e-01 1
5.2986e-01 5.4661e-01 1
7.2264e-01 6.4456e-01 1
3.0737e-01 5.4345e-01 1
6.4921e-01 7.0317e-01 1
5.9664e-01 5.7611e-01 1
3.6463e-01 5.7416e-01 1
5.0733e-01 5.8490e-01 1
5.9638e-01 5.1221e-01 1
2.7171e-01 4.3203e-01 1
6.3348e-01 3.0258e-01 1
6.1667e-01 6.4589e-01 1
3.6303e-01 5.0528e-01 1
4.4854e-01 5.8597e-01 1
4.2554e-01 5.1218e-01 1
4.7722e-01 4.1491e-01 1
5.2838e-01 5.5283e-01 1
5.8537e-01 4.6392e-01 1
5.7420e-01 5.4808e-01 1
5.5577e-01 4.6199e-01 1
5.6462e-01 5.5897e-01 1
5.6508e-01 5.6148e-01 1
5.5870e-01 4.6898e-01 1
3.9249e-01 4.8504e-01 1
4.0065e-01 3.5708e-01 1
5.7151e-01 4.2157e-01 1
5.3825e-01 3.3618e-01 1
4.1677e-01 5.8691e-01 1
5.7409e-01 3.6550e-01 1
3.5004e-01 4.3700e-01 1
4.8954e-01 6.3336e-01 1
4.6128e-01 6.2943e-01 1
5.2595e-01 6.1246e-01 1
4.8818e-01 3.3514e-01 1
5.1977e-01 3.6799e-01 1
5.6787e-01 4.8630e-01 1
5.7696e-01 4.5216e-01 1
4.4715e-01 4.8301e-01 1
4.9525e-01 4.6683e-01 1
4.6320e-01 3.8668e-01 1
4.5600e-01 6.1046e-01 1
5.0746e-01 3.8927e-01 1
5.9430e-01 3.1245e-01 1
4.2340e-01 6.9957e-01 1
4.8120e-01 3.5583e-01 1
4.1563e-01 4.2119e-01 1
4.2399e-01 5.5795e-01 1
5.1102e-01 4.3798e-01 1
5.3994e-01 3.4429e-01 1
5.7699e-01 3.1467e-01 1
6.8330e-01 3.7110e-01 1
4.9524e-01 3.1911e-01 1
5.5880e-01 5.7504e-01 1
5.6698e-01 5.7970e-01 1
4.5758e-01 5.6690e-01 1
4.3666e-01 4.6211e-01 1
5.2990e-01 6.9029e-01 1
5.6004e-01 3.6214e-01 1
6.2515e-01 4.0411e-01 1
5.6370e-01 4.3849e-01 1
4.6152e-01 3.7640e-01 1
4.6571e-01 3.3198e-01 1
6.0438e-01 5.5574e-01 1
4.7375e-01 5.1444e-01 1
5.9418e-01 5.6387e-01 1
6.3886e-01 6.3268e-01 1
4.7198e-01 5.1843e-01 1
4.8489e-01 3.7051e-01 1
5.7790e-01 4.4667e-01 1
4.5697e-01 5.0509e-01 1
4.8865e-01 4.3976e-01 1
6.4576e-01 6.3074e-01 1
5.4849e-01 5.7007e-01 1
5.0196e-01 4.9208e-01 1
4.7105e-01 5.4470e-01 1
3.8773e-01 4.8920e-01 1
5.5395e-01 4.9252e-01 1
6.8607e-01 4.8436e-01 1
4.7651e-01 5.7810e-01 1
4.0446e-01 4.5118e-01 1
3.6697e-01 3.9484e-01 1
5.0891e-01 5.9632e-01 1
5.3653e-01 6.1454e-01 1
7.3092e-01 3.1382e-01 1
4.9538e-01 4.2752e-01 1
4.3792e-01 3.3562e-01 1
4.8000e-01 2.5974e-01 1
5.7426e-01 5.2921e-01 1
3.5024e-01 5.5302e-01 1
2.8593e-01 4.2592e-01 1
5.8857e-01 4.8538e-01 1
3.8192e-01 4.6916e-01 1
4.7816e-01 6.3626e-01 1
5.5018e-01 3.6545e-01 1
5.3240e-01 3.8174e-01 1
4.9344e-01 2.5490e-01 1
6.7421e-01 4.7608e-01 1
5.0786e-01 5.8790e-01 1
5.7945e-01 3.4633e-01 1
3.5243e-01 6.3770e-01 1
5.9535e-01 3.0595e-01 1
6.6833e-01 5.3439e-01 1
4.3938e-01 5.0539e-01 1
4.2457e-01 6.2902e-01 1
5.4509e-01 3.4053e-01 1
6.2683e-01 5.7752e-01 1
5.7441e-01 4.8520e-01 1
4.9313e-01 7.3876e-01 1
4.2968e-01 5.1641e-01 1
5.1888e-01 3.9147e-01 1
4.4354e-01 4.5934e-01 1
5.2664e-01 4.5061e-01 1
3.8724e-01 4.6818e-01 1
5.1550e-01 6.6987e-01 1
4.5169e-01 4.1327e-01 1
5.5186e-01 3.4433e-01 1
5.3396e-01 6.5771e-01 1
6.4109e-01 3.7117e-01 1
4.2912e-01 4.9804e-01 1
5.6875e-01 6.1475e-01 1
4.6429e-01 4.3948e-01 1
5.5276e-01 4.0829e-01 1
4.6320e-01 4.6191e-01 1
6.2098e-01 6.0960e-01 1
7.6199e-01 4.9664e-01 1
5.7500e-01 3.4623e-01 1
7.4048e-01 6.1581e-01 1
4.1582e-01 6.3230e-01 1
4.5361e-01 6.1998e-01 1
3.4433e-01 5.2138e-01 1
5.7171e-01 5.7830e-01 1
7.4715e-01 5.9412e-01 1
4.0250e-01 4.7989e-01 1
3.6601e-01 3.9969e-01 1
4.2827e-01 4.5682e-01 1
5.9601e-01 6.0101e-01 1
5.9833e-01 5.3156e-01 1
5.0594e-01 5.5749e-01 1
5.2316e-01 4.8234e-01 1
5.1473e-01 5.9205e-01 1
4.7371e-01 4.5572e-01 1
4.7232e-01 4.3562e-01 1
4.7945e-01 4.3560e-01 1
5.9961e-01 4.0655e-01 1
4.3738e-01 4.9309e-01 1
4.7407e-01 4.3888e-01 1
6.2572e-01 4.2043e-01 1
6.0495e-01 5.7296e-01 1
4.6359e-01 6.0813e-01 1
6.2556e-01 4.5794e-01 1
4.6826e-01 4.7788e-01 1
5.4101e-01 6.0065e-01 1
4.7498e-01 5.8223e-01 1
4.8247e-01 6.0367e-01 1
3.5746e-01 4.2337e-01 1
5.6170e-01 7.6454e-01 1
5.9332e-01 5.4759e-01 1
4.8040e-01 5.2830e-01 1
4.4224e-01 3.3181e-01 1
6.0109e-01 4.4664e-01 1
4.9824e-01 4.2936e-01 1
6.0614e-01 4.7847e-01 1
3.1066e-01 4.0862e-01 1
5.3944e-01 5.3866e-01 1
6.4356e-01 4.1617e-01 1
6.5102e-01 4.5755e-01 1
3.3539e-01 4.0786e-01 1
6.2722e-01 4.4709e-01 1
4.8623e-01 5.6892e-01 1
4.1898e-01 4.4477e-01 1
5.7541e-01 3.5505e-01 1
5.3847e-01 4.4402e-01 1
6.4387e-01 5.2918e-01 1
4.2388e-01 5.5515e-01 1
7.0232e-01 4.3812e-01 1
3.2957e-01 4.1464e-01 1
5.1489e-01 5.0899e-01 1
6.1495e-01 5.7278e-01 1
4.8199e-01 5.7737e-01 1
4.6488e-01 5.6156e-01 1
6.3444e-01 5.0227e-01 1
4.9646e-01 5.3569e-01 1
4.4464e-01 4.3117e-01 1
5.0378e-01 6.2580e-01 1
3.6455e-01 3.5435e-01 1
6.1302e-01 4.3106e-01 1
3.8864e-01 4.8373e-01 1
4.8951e-01 5.2538e-01 1
5.3564e-01 4.8462e-01 1
4.2038e-01 4.5603e-01 1
6.3130e-01 6.2139e-01 1
5.8399e-01 5.4079e-01 1
5.8286e-01 5.1675e-01 1
4.0652e-01 3.5081e-01 1
6.2628e-01 6.2419e-01 1
6.0257e-01 5.6483e-01 1
6.0377e-01 4.5668e-01 1
4.7276e-01 4.9280e-01 1
4.7466e-01 5.2574e-01 1
4.3688e-01 3.4881e-01 1
5.5605e-01 3.7898e-01 1
5.1805e-01 3.5870e-01 1
4.1432e-01 4.3247e-01 1
6.2772e-01 6.6347e-01 1
3.6295e-01 6.0342e-01 1
4.5419e-01 4.2496e-01 1
3.7316e-01 4.7262e-01 1
5.4915e-01 5.6122e-01 1
4.7171e-01 6.2029e-01 1
5.8933e-01 4.4001e-01 1
5.4022e-01 5.4293e-01 1
5.9597e-01 6.0478e-01 1
4.5551e-01 4.3130e-01 1
4.5971e-01 5.3760e-01 1
4.5679e-01 3.8274e-01 1
5.0447e-01 5.2707e-01 1
4.7272e-01 5.5542e-01 1
5.0974e-01 5.5298e-01 1
5.3353e-01 4.4821e-01 1
3.6598e-01 6.4434e-01 1
5.5396e-01 5.2863e-01 1
3.2827e-01 6.3855e-01 1
4.4223e-01 4.5446e-01 1
4.5037e-01 3.1433e-01 1
5.0575e-01 5.6698e-01 1
4.9096e-01 3.8277e-01 1
2.6936e-01 4.6270e-01 1
5.6012e-01 5.5830e-01 1
5.0002e-01 5.1613e-01 1
5.2053e-01 5.8346e-01 1
5.0271e-01 6.8241e-01 1
4.2638e-01 6.2263e-01 1
6.3595e-01 4.3738e-01 1
5.1185e-01 3.9417e-01 1
5.4969e-01 5.1064e-01 1
5.3188e-01 4.6046e-01 1
5.8254e-01 5.2302e-01 1
6.0412e-01 7.0310e-01 1
4.4662e-01 3.7462e-01 1
4.0986e-01 5.3101e-01 1
4.8758e-01 1.9727e-01 1
4.9184e-01 4.7861e-01 1
6.2981e-01 5.1063e-01 1
6.2752e-01 5.3053e-01 1
5.6545e-01 5.0897e-01 1
4.8421e-01 4.0878e-01 1
4.1726e-01 3.1493e-01 1
2.8765e-01 4.2126e-01 1
5.3714e-01 4.6205e-01 1
5.2371e-01 3.1239e-01 1
7.0003e-01 6.1046e-01 1
7.0743e-01 4.3510e-01 1
5.7438e-01 3.7746e-01 1
4.7144e-01 5.7888e-01 1
6.4065e-01 4.2358e-01 1
4.2422e-01 4.0113e-01 1
4.7305e-01 5.6951e-01 1
5.1152e-01 5.3615e-01 1
3.5835e-01 5.7137e-01 1
5.8133e-01 3.8641e-01 1
3.1295e-01 6.3578e-01 1
5.9526e-01 5.5010e-01 1
4.3022e-01 3.9772e-01 1
4.2931e-01 4.8972e-01 1
3.5622e-01 5.1526e-01 1
4.5825e-01 5.7088e-01 1
6.6446e-01 4.2318e-01 1
5.6534e-01 3.7151e-01 1
4.7466e-01 6.0814e-01 1
6.7315e-01 4.6165e-01 1
5.7434e-01 4.7731e-01 1
4.0768e-01 5.3723e-01 1
5.7133e-01 4.6821e-01 1
4.8451e-01 2.4458e-01 1
5.2597e-01 3.9623e-01 1
6.1346e-01 5.6600e-01 1
4.6409e-01 4.9485e-01 1
5.8367e-01 4.3964e-01 1
3.1736e-01 4.8514e-01 1
4.9253e-01 6.0574e-01 1
4.6349e-01 5.1329e-01 1
4.9377e-01 2.7864e-01 1
4.6241e-01 6.1430e-01 1
5.2888e-01 5.5836e-01 1
6.2943e-01 5.9993e-01 1
3.4322e-01 3.0848e-01 1
2.1680e-01 6.2857e-01 1
4.9993e-01 5.2480e-01 1
3.6919e-01 3.1917e-01 1
6.6276e-01 3.7676e-01 1
3.0243e-01 3.9244e-01 1
4.3719e-01 5.0206e-01 1
3.8245e-01 3.6476e-01 1
5.5999e-01 4.4862e-01 1
7.9994e-01 4.8651e-01 1
5.0826e-01 5.2798e-01 1
5.4297e-01 3.4436e-01 1
4.2855e-01 5.5832e-01 1
4.8683e-01 4.3382e-01 1
4.9805e-01 4.3445e-01 1
4.5675e-01 5.5060e-01 1
6.3632e-01 5.3854e-01 1
5.8630e-01 4.1893e-01 1
3.8810e-01 4.4598e-01 1
4.8030e-01 6.4186e-01 1
5.2606e-01 5.2945e-01 1
4.2235e-01 4.9645e-01 1
4.3253e-01 5.6610e-01 1
5.5918e-01 4.4925e-01 1
5.0581e-01 4.7185e-01 1
7.8246e-01 5.4148e-01 1
4.1108e-01 4.7359e-01 1
6.6369e-01 4.7563e-01 1
6.1002e-01 4.6710e-01 1
3.7501e-01 6.1644e-01 1
5.7120e-01 4.7562e-01 1
5.8681e-01 5.7968e-01 1
5.1853e-01 4.4704e-01 1
4.8736e-01 4.7312e-01 1
3.2909e-01 6.0486e-01 1
4.4651e-01 5.5953e-01 1
5.0746e-01 5.0521e-01 1
3.5247e-01 5.4377e-01 1
6.5690e-01 5.3499e-01 1
5.1571e-01 5.3445e-01 1
4.1544e-01 3.0018e-01 1
4.6672e-01 5.3153e-01 1
4.9944e-01 4.4116e-01 1
4.2059e-01 3.8133e-01 1
4.2446e-01 3.9828e-01 1
4.0502e-01 5.7732e-01 1
2.7084e-01 5.1697e-01 1
5.2135e-01 5.0447e-01 1
4.9391e-01 4.1532e-01 1
5.6413e-01 3.9741e-01 1
3.3774e-01 4.7182e-01 1
5.0767e-01 4.7987e-01 1
5.7177e-01 4.8453e-01 1
4.1874e-01 5.4995e-01 1
4.3077e-01 4.9793e-01 1
4.6104e-01 4.8631e-01 1
4.5645e-01 5.2580e-01 1
6.2900e-01 4.4893e-01 1
5.3862e-01 3.3704e-01 1
3.9428e-01 5.2463e-01 1
6.1479e-01 6.4683e-01 1
5.9918e-01 5.2313e-01 1
6.8696e-01 5.6571e-01 1
2.5070e-01 4.5879e-01 1
4.1196e-01 4.0885e-01 1
4.3022e-01 5.4345e-01 1
4.4551e-01 6.4159e-01 1
5.5072e-01 5.2489e-01 1
4.9829e-01 3.8559e-01 1
4.0768e-01 5.1206e-01 1
4.5222e-01 3.3449e-01 1
4.2183e-01 6.0764e-01 1
4.2127e-01 5.7957e-01 1
4.1530e-01 6.2795e-01 1
5.6672e-01 5.1567e-01 1
3.9889e-01 3.7068e-01 1
4.2477e-01 2.9179e-01 1
6.4055e-01 4.9827e-01 1
6.5259e-01 5.4072e-01 1
5.6497e-01 6.4002e-01 1
4.6106e-01 4.3168e-01 1
5.4412e-01 4.6100e-01 1
5.9332e-01 5.4139e-01 1
5.3791e-01 4.3674e-01 1
4.0784e-01 5.3024e-01 1
6.0803e-01 5.3879e-01 1
4.7705e-01 6.5935e-01 1
5.0813e-01 5.3039e-01 1
4.0023e-01 4.6205e-01 1
4.7183e-01 5.2807e-01 1
5.7262e-01 6.4742e-01 1
5.0865e-01 6.8283e-01 1
5.2800e-01 6.0832e-01 1
4.6814e-01 4.8970e-01 1
6.5036e-01 6.1759e-01 1
4.4026e-01 4.9159e-01 1
6.8894e-01 5.2574e-01 1
5.5753e-01 4.9789e-01 1
7.9289e-01 4.0421e-01 1
4.5526e-01 4.9032e-01 1
5.0080e-01 3.2510e-01 1
5.8288e-01 6.1934e-01 1
5.2715e-01 4.5737e-01 1
3.9171e-01 4.4845e-01 1
5.8801e-01 4.7530e-01 1
5.6114e-01 5.0394e-01 1
5.0611e-01 4.5254e-01 1
4.4806e-01 5.1345e-01 1
7.5259e-01 4.2293e-01 1
3.7879e-01 4.8314e-01 1
4.2100e-01 4.3226e-01 1
5.0983e-01 6.3128e-01 1
7.2129e-01 6.3704e-01 1
4.9136e-01 3.6198e-01 1
5.6105e-01 5.5729e-01 1
6.5176e-01 3.4238e-01 1
4.0712e-01 4.1626e-01 1
5.1979e-01 3.6320e-01 1
7.6203e-01 5.8180e-01 1
7.2298e-01 5.3418e-01 1
4.1435e-01 4.4392e-01 1
3.7639e-01 5.1494e-01 1
6.8342e-01 5.5802e-01 1
4.1849e-01 4.9605e-01 1
3.6642e-01 5.3347e-01 1
4.2587e-01 6.6590e-01 1
4.9066e-01 4.5843e-01 1
6.0564e-01 5.3645e-01 1
5.5776e-01 4.3098e-01 1
3.8623e-01 3.5527e-01 1
5.4095e-01 4.9698e-01 1
6.8982e-01 4.8925e-01 1
5.0499e-01 4.8648e-01 1
5.7726e-01 4.1116e-01 1
4.8086e-01 3.3727e-01 1
6.1902e-01 7.5860e-01 1
6.3399e-01 2.8095e-01 1
6.1024e-01 3.8834e-01 1
2.3532e-01 4.8820e-01 1
5.3606e-01 3.5656e-01 1
4.2847e-01 5.7481e-01 1
4.6459e-01 5.0268e-01 1
4.7156e-01 5.3561e-01 1
4.4348e-01 5.5339e-01 1
5.0102e-01 2.6703e-01 1
3.6628e-01 5.2890e-01 1
6.0638e-01 3.9920e-01 1
4.5907e-01 6.6507e-01 1
4.7237e-01 3.1149e-01 1
4.5932e-01 4.4757e-01 1
4.1332e-01 5.4320e-01 1
4.5192e-01 5.0004e-01 1
4.7430e-01 3.8899e-01 1
6.8075e-01 4.9256e-01 1
4.7496e-01 6.3774e-01 1
5.5284e-01 5.6550e-01 1
3.7498e-01 6.4882e-01 1
4.7755e-01 2.6652e-01 1
5.3341e-01 5.8603e-01 1
3.8830e-01 4.7992e-01 1
4.8990e-01 3.9338e-01 1
5.8337e-01 4.0650e-01 1
6.8102e-01 5.2943e-01 1
5.0964e-01 5.0987e-01 1
4.3306e-01 4.9509e-01 1
5.0724e-01 4.2000e-01 1
4.8579e-01 5.1868e-01 1
4.7611e-01 6.0883e-01 1
5.5355e-01 4.9864e-01 1
5.9341e-01 5.2791e-01 1
6.2573e-01 6.6741e-01 1
3.9245e-01 5.6344e-01 1
3.5420e-01 3.5761e-01 1
5.0310e-01 5.6648e-01 1
4.9404e-01 5.3651e-01 1
6.9939e-01 5.3441e-01 1
4.1994e-01 5.5887e-01 1
3.9866e-01 5.7234e-01 1
5.1573e-01 3.9746e-01 1
5.6131e-01 5.2594e-01 1
5.6069e-01 4.9284e-01 1
4.0073e-01 6.1548e-01 1
3.7303e-01 5.3282e-01 1
5.0592e-01 3.9701e-01 1
4.7779e-01 4.8051e-01 1
5.4749e-01 4.9934e-01 1
5.5615e-01 4.4667e-01 1
5.6258e-01 6.0568e-01 1
4.4624e-01 3.3071e-01 1
3.0096e-01 5.5271e-01 1
5.6649e-01 4.4001e-01 1
3.6057e-01 6.0695e-01 1
3.0779e-01 5.3202e-01 1
3.9792e-01 2.6601e-01 1
6.0809e-01 5.6724e-01 1
4.4197e-01 4.8879e-01 1
5.5588e-01 4.9649e-01 1
5.6559e-01 5.8020e-01 1
4.7375e-01 6.2242e-01 1
6.2705e-01 2.9757e-01 1
5.6197e-01 6.5990e-01 1
4.9950e-01 2.4268e-01 1
2.5166e-01 3.2719e-01 1
4.3712e-01 4.9324e-01 1
4.8160e-01 6.2244e-01 1
4.2253e-01 4.6969e-01 1
3.8587e-01 4.1452e-01 1
4.2657e-01 5.2982e-01 1
5.2556e-01 6.0134e-01 1
5.6358e-01 4.9870e-01 1
5.0608e-01 4.5058e-01 1
5.1657e-01 4.5095e-01 1
4.0793e-01 5.1041e-01 1
5.4567e-01 4.4857e-01 1
6.1230e-01 3.7189e-01 1
6.1161e-01 4.6912e-01 1
5.2378e-01 5.6543e-01 1
3.5963e-01 4.6666e-01 1
4.7702e-01 3.4764e-01 1
5.7193e-01 5.1680e-01 1
4.0984e-01 4.5385e-01 1
5.7462e-01 6.4790e-01 1
6.0397e-01 4.5787e-01 1
5.4984e-01 5.5371e-01 1
4.0086e-01 6.7778e-01 1
5.4006e-01 5.7201e-01 1
2.1561e-01 4.6416e-01 1
4.1016e-01 2.9825e-01 1
4.3790e-01 4.8124e-01 1
5.0665e-01 4.3812e-01 1
5.6980e-01 5.5759e-01 1
5.0341e-01 5.1637e-01 1
3.0219e-01 3.6391e-01 1
4.8828e-01 5.3332e-01 1
5.1937e-01 4.0591e-01 1
3.4739e-01 4.9192e-01 1
4.0572e-01 6.0251e-01 1
3.4120e-01 6.1553e-01 1
4.8964e-01 5.7629e-01 1
4.7780e-01 5.3320e-01 1
6.0874e-01 5.5548e-01 1
4.3505e-01 4.5544e-01 1
5.0253e-01 3.2424e-01 1
3.0174e-01 6.7736e-01 1
3.6367e-01 6.1606e-01 1
6.6058e-01 5.3557e-01 1
6.0947e-01 4.9927e-01 1
4.3444e-01 4.0727e-01 1
4.0547e-01 4.4572e-01 1
6.1594e-01 5.8475e-01 1
5.6558e-01 4.2392e-01 1
3.3329e-01 3.0118e-01 1
6.3582e-01 5.3601e-01 1
5.6132e-01 5.3081e-01 1
4.7201e-01 5.1945e-01 1
5.5444e-01 5.0700e-01 1
5.1288e-01 5.3959e-01 1
5.3613e-01 4.2808e-01 1
5.8981e-01 4.7581e-01 1
5.4188e-01 4.9091e-01 1
6.6149e-01 5.9248e-01 1
3.5835e-01 5.2887e-01 1
4.6960e-01 6.7437e-01 1
5.3806e-01 4.7700e-01 1
4.1744e-01 5.0047e-01 1
4.7219e-01 5.6003e-01 1
5.8441e-01 2.5618e-01 1
6.0210e-01 5.7914e-01 1
5.6268e-01 3.1509e-01 1
4.4373e-01 3.0381e-01 1
5.2354e-01 5.7172e-01 1
5.0942e-01 5.2857e-01 1
6.2887e-01 5.9332e-01 1
3.2161e-01 5.4343e-01 1
4.3607e-01 3.9474e-01 1
5.0919e-01 6.4837e-01 1
4.8384e-01 4.0101e-01 1
5.5145e-01 4.0644e-01 1
4.7960e-01 4.3325e-01 1
4.1412e-01 3.7928e-01 1
5.1872e-01 6.1181e-01 1
3.9747e-01 1.6969e-01 1
5.4570e-01 3.3491e-01 1
5.3379e-01 5.1632e-01 1
5.1815e-01 4.1076e-01 1
5.6778e-01 5.2222e-01 1
6.7079e-01 3.8060e-01 1
6.2658e-01 4.5802e-01 1
5.7959e-01 4.3946e-01 1
2.5782e-01 4.9458e-01 1
6.9755e-01 6.0583e-01 1
3.9709e-01 4.5505e-01 1
5.8612e-01 6.7174e-01 1
2.8159e-01 6.0655e-01 1
5.5515e-01 4.8155e-01 1
2.7726e-01 5.2232e-01 1
5.4427e-01 4.6279e-01 1
7.8030e-01 6.2965e-01 1
5.8597e-01 4.8712e-01 1
6.7079e-01 5.8108e-01 1
6.0340e-01 5.1006e-01 1
4.6598e-01 3.9477e-01 1
4.6310e-01 4.6649e-01 1
3.5273e-01 5.6411e-01 1
5.1675e-01 6.9637e-01 1
5.7436e-01 4.6854e-01 1
6.1951e-01 6.2773e-01 1
4.5908e-01 6.0035e-01 1
4.7270e-01 5.6353e-01 1
4.8841e-01 4.3609e-01 1
6.4168e-01 3.1458e-01 1
5.4843e-01 5.2882e-01 1
3.5951e-01 3.6992e-01 1
5.6605e-01 3.8806e-01 1
6.7293e-01 4.8692e-01 1
5.4343e-01 5.6105e-01 1
4.5860e-01 5.3094e-01 1
3.2131e-01 4.7746e-01 1
2.5992e-01 4.2136e-01 1
6.8319e-01 5.3662e-01 1
4.6238e-01 4.7044e-01 1
5.2821e-01 5.4405e-01 1
6.6492e-01 4.7094e-01 1
6.7882e-01 4.8244e-01 1
3.9076e-01 3.3079e-01 1
3.4896e-01 5.2062e-01 1
4.4286e-01 3.5224e-01 1
4.4415e-01 4.2786e-01 1
3.2667e-01 4.9432e-01 1
3.7314e-01 5.2506e-01 1
5.4469e-01 3.5122e-01 1
6.6156e-01 3.2256e-01 1
4.3630e-01 4.2417e-01 1
4.8763e-01 4.6762e-01 1
7.3238e-01 5.4400e-01 1
5.0751e-01 6.1267e-01 1
4.2846e-01 4.4597e-01 1
5.7425e-01 6.4305e-01 1
4.4116e-01 6.1453e-01 1
4.7145e-01 6.5445e-01 1
4.1725e-01 4.5551e-01 1
6.4788e-01 3.8322e-01 1
4.6297e-01 4.2428e-01 1
5.0026e-01 2.5514e-01 1
4.5472e-01 4.3738e-01 1
4.3243e-01 4.1899e-01 1
4.0101e-01 4.5493e-01 1
5.5954e-01 6.2856e-01 1
5.4411e-01 5.9271e-01 1
5.7414e-01 5.2956e-01 1
2.5973e-01 4.0906e-01 1
4.2370e-01 4.9116e-01 1
4.0525e-01 6.7892e-01 1
4.6480e-01 3.7010e-01 1
6.8916e-01 4.5891e-01 1
6.7593e-01 5.3094e-01 1
4.4738e-01 5.3715e-01 1
5.2754e-01 4.3421e-01 1
5.8721e-01 4.6655e-01 1
3.4780e-01 5.8987e-01 1
5.0444e-01 4.6745e-01 1
5.8426e-01 5.1325e-01 1
4.6657e-01 4.0258e-01 1
5.0355e-01 4.5094e-01 1
4.7924e-01 5.8935e-01 1
4.8205e-01 5.2328e-01 1
4.4235e-01 3.9886e-01 1
5.1215e-01 5.3585e-01 1
4.9336e-01 3.6376e-01 1
2.9830e-01 5.6596e-01 1
4.2500e-01 4.2181e-01 1
2.5648e-01 5.5556e-01 1
3.8480e-01 4.8469e-01 1
4.5077e-01 3.8085e-01 1
2.9105e-01 4.6721e-01 1
5.6885e-01 6.7044e-01 1
4.8254e-01 5.4939e-01 1
4.6422e-01 4.8804e-01 1
4.9319e-01 7.6166e-01 1
4.5018e-01 5.9621e-01 1
5.2419e-01 4.8715e-01 1
5.1505e-01 4.8549e-01 1
4.0945e-01 4.6558e-01 1
4.3702e-01 5.4052e-01 1
4.3869e-01 5.2082e-01 1
5.3057e-01 3.7301e-01 1
4.7096e-01 5.2525e-01 1
4.7983e-01 4.2959e-01 1
5.0384e-01 5.3071e-01 1
5.0486e-01 2.5379e-01 1
6.9634e-01 4.3480e-01 1
6.9511e-01 6.8415e-01 1
5.1573e-01 5.6570e-01 1
3.3543e-01 4.0966e-01 1
4.0297e-01 3.8944e-01 1
6.6855e-01 6.1179e-01 1
3.5931e-01 6.1838e-01 1
5.8903e-01 4.5320e-01 1
4.9537e-01 4.8285e-01 1
6.3568e-01 5.1850e-01 1
3.6989e-01 4.6713e-01 1
4.1799e-01 4.5625e-01 1
4.6279e-01 4.6993e-01 1
3.2312e-01 4.4664e-01 1
5.1508e-01 4.0898e-01 1
4.9512e-01 7.0342e-01 1
4.6936e-01 5.9122e-01 1
4.8831e-01 5.2360e-01 1
5.5363e-01 7.3569e-01 1
3.7543e-01 5.5580e-01 1
6.8733e-01 4.6682e-01 1
3.7050e-01 6.3283e-01 1
7.5500e-01 5.9237e-01 1
5.7796e-01 4.3855e-01 1
6.8624e-01 4.3538e-01 1
4.5346e-01 6.1673e-01 1
5.0591e-01 3.1646e-01 1
5.3273e-01 4.0695e-01 1
5.5873e-01 6.2257e-01 1
3.8205e-01 6.3844e-01 1
3.5017e-01 4.9734e-01 1
5.0815e-01 6.2252e-01 1
3.4382e-01 5.7229e-01 1
4.3299e-01 7.6986e-01 1
4.0319e-01 6.9823e-01 1
5.9667e-01 6.7164e-01 1
6.7165e-01 4.1933e-01 1
5.6989e-01 3.7382e-01 1
3.1909e-01 5.6115e-01 1
3.1081e-01 4.9530e-01 1
5.9490e-01 2.7150e-01 1
4.8690e-01 3.1784e-01 1
4.5671e-01 4.9373e-01 1
4.2011e-01 5.1879e-01 1
4.6406e-01 4.7420e-01 1
5.5293e-01 4.7505e-01 1
4.7141e-01 6.7178e-01 1
4.6803e-01 5.8577e-01 1
4.5110e-01 5.0370e-01 1
6.3366e-01 4.9397e-01 1
4.2108e-01 6.2257e-01 1
3.7108e-01 5.9631e-01 1
3.6239e-01 5.2202e-01 1
6.0778e-01 4.5709e-01 1
4.7428e-01 4.5417e-01 1
3.8961e-01 5.7741e-01 1
3.6820e-01 5.5587e-01 1
5.2229e-01 5.7840e-01 1
2.4996e-01 4.0572e-01 1
3.5961e-01 6.6640e-01 1
6.6984e-01 4.5762e-01 1
4.0397e-01 7.0913e-01 1
4.9400e-01 5.2389e-01 1
5.3213e-01 5.3878e-01 1
4.1123e-01 4.7784e-01 1
5.4983e-01 6.1332e-01 1
4.0453e-01 4.9694e-01 1
4.3342e-01 6.7067e-01 1
6.1817e-01 5.8915e-01 1
5.6695e-01 5.4507e-01 1
5.3092e-01 4.6444e-01 1
5.8955e-01 4.7796e-01 1
7.1918e-01 4.4632e-01 1
4.4819e-01 4.6412e-01 1
5.7625e-01 4.9063e-01 1
4.0428e-01 4.6334e-01 1
5.6923e-01 4.7276e-01 1
4.5278e-01 6.7491e-01 1
6.8343e-01 3.4010e-01 1
5.3371e-01 4.0742e-01 1
4.7132e-01 4.0085e-01 1
3.6975e-01 5.3675e-01 1
4.3420e-01 5.1337e-01 1
2.7408e-01 6.7168e-01 1
6.4717e-01 5.2286e-01 1
4.0849e-01 5.6939e-01 1
7.2252e-01 4.6073e-01 1
4.0838e-01 4.6886e-01 1
5.4040e-01 4.4988e-01 1
4.1020e-01 4.3507e-01 1
5.5372e-01 3.6403e-01 1
5.3747e-01 4.2389e-01 1
5.2524e-01 7.1705e-01 1
4.8128e-01 3.6545e-01 1
5.2298e-01 5.3682e-01 1
3.8147e-01 4.6231e-01 1
5.7019e-01 3.0460e-01 1
5.6244e-01 5.4184e-01 1
3.4628e-01 3.0448e-01 1
4.5743e-01 6.8494e-01 1
3.4191e-01 6.1322e-01 1
4.7134e-01 8.4787e-01 1
6.2118e-01 5.7999e-01 1
4.6850e-01 4.2844e-01 1
5.8208e-01 4.6723e-01 1
5.8380e-01 6.5067e-01 1
5.8073e-01 5.1752e-01 1
4.2465e-01 5.4489e-01 1
2.2771e-01 2.2687e-01 2
2.2008e-01 1.6914e-01 2
1.7988e-01 1.1265e-01 2
2.5986e-01 2.6745e-01 2
2.3477e-01 2.6417e-01 2
2.0952e-01 2.1980e-01 2
2.5506e-01 2.1296e-01 2
2.4615e-01 1.9406e-01 2
1.6742e-01 1.7338e-01 2
2.2141e-01 1.7007e-01 2
1.6737e-01 1.7032e-01 2
1.7964e-01 2.3139e-01 2
1.7329e-01 1.7109e-01 2
1.8056e-01 2.1559e-01 2
2.2566e-01 1.4235e-01 2
2.0928e-01 1.7142e-01 2
2.0825e-01 2.4528e-01 2
1.8272e-01 1.9766e-01 2
2.2781e-01 2.3165e-01 2
2.6083e-01 1.9738e-01 2
2.3749e-01 1.6982e-01 2
2.0979e-01 2.0705e-01 2
2.5142e-01 1.8134e-01 2
1.5274e-01 2.4802e-01 2
2.0447e-01 1.9934e-01 2
2.6653e-01 1.6771e-01 2
1.7426e-01 2.7532e-01 2
1.9100e-01 2.0398e-01 2
1.5486e-01 2.2148e-01 2
2.2219e-01 1.9246e-01 2
1.9638e-01 2.3750e-01 2
2.0833e-01 1.8391e-01 2
2.1701e-01 2.5134e-01 2
1.6384e-01 1.5295e-01 2
2.1476e-01 1.7723e-01 2
2.4846e-01 1.5249e-01 2
2.3558e-01 2.4780e-01 2
2.1915e-01 2.0280e-01 2
2.0716e-01 1.7338e-01 2
1.7268e-01 2.7368e-01 2
1.7315e-01 2.6545e-01 2
1.7793e-01 2.3168e-01 2
2.1583e-01 2.4654e-01 2
1.7592e-01 1.4527e-01 2
2.2459e-01 2.0486e-01 2
1.3676e-01 2.2988e-01 2
1.8029e-01 2.2672e-01 2
2.2638e-01 2.5766e-01 2
2.3243e-01 2.3300e-01 2
1.9495e-01 2.0612e-01 2
2.1824e-01 2.4839e-01 2
1.7760e-01 1.7008e-01 2
2.3164e-01 1.9378e-01 2
2.3443e-01 1.4053e-01 2
2.0929e-01 2.1646e-01 2
2.1676e-01 2.3372e-01 2
1.9053e-01 2.2514e-01 2
2.1028e-01 2.0709e-01 2
1.7133e-01 1.7750e-01 2
1.9823e-01 2.0835e-01 2
2.3901e-01 1.8554e-01 2
1.7055e-01 1.8849e-01 2
1.3685e-01 1.7437e-01 2
2.0784e-01 1.5903e-01 2
2.3314e-01 1.7960e-01 2
1.7039e-01 1.2171e-01 2
2.2311e-01 2.3088e-01 2
1.7962e-01 1.7327e-01 2
2.2066e-01 2.2673e-01 2
1.9383e-01 1.8735e-01 2
2.1645e-01 2.5985e-01 2
1.6915e-01 2.0856e-01 2
2.1915e-01 1.8734e-01 2
2.3372e-01 1.7263e-01 2
1.8051e-01 2.4893e-01 2
1.4406e-01 1.9818e-01 2
1.9259e-01 2.1986e-01 2
2.2228e-01 2.0229e-01 2
1.0783e-01 1.8766e-01 2
1.8587e-01 2.5905e-01 2
1.8273e-01 1.6327e-01 2
2.6287e-01 2.0889e-01 2
2.4719e-01 2.1274e-01 2
2.3533e-01 1.7854e-01 2
2.0384e-01 2.2163e-01 2
1.6733e-01 1.7295e-01 2
1.6718e-01 2.3761e-01 2
2.1941e-01 2.2343e-01 2
2.2782e-01 2.5705e-01 2
2.3766e-01 1.7764e-01 2
2.0897e-01 2.5452e-01 2
2.0360e-01 1.9274e-01 2
1.5090e-01 2.2784e-01 2
2.2260e-01 1.9974e-01 2
2.0871e-01 1.9204e-01 2
2.2986e-01 2.0019e-01 2
2.0952e-01 2.0689e-01 2
2.0433e-01 2.2008e-01 2
1.4306e-01 2.4938e-01 2
2.2811e-01 2.2339e-01 2
7.3700e-01 1.9186e-01 3
7.0288e-01 1.6808e-01 3
7.8206e-01 2.1098e-01 3
8.8449e-01 1.9228e-01 3
7.5575e-01 2.0541e-01 3
8.2016e-01 2.0590e-01 3
7.6797e-01 1.8746e-01 3
8.1311e-01 1.8208e-01 3
8.0206e-01 1.8000e-01 3
8.2081e-01 2.0489e-01 3
7.5955e-01 1.5169e-01 3
8.3207e-01 1.5318e-01 3
8.0017e-01 1.7741e-01 3
8.0810e-01 1.3131e-01 3
7.7664e-01 1.4906e-01 3
7.8886e-01 2.1670e-01 3
8.2268e-01 1.3347e-01 3
8.3904e-01 2.1068e-01 3
8.1365e-01 2.1566e-01 3
8.2787e-01 1.4946e-01 3
7.9573e-01 1.4481e-01 3
7.6927e-01 2.0817e-01 3
8.0547e-01 1.8357e-01 3
7.8886e-01 1.8766e-01 3
7.4809e-01 1.8907e-01 3
7.7930e-01 2.1473e-01 3
8.1250e-01 1.6688e-01 3
7.7510e-01 1.8884e-01 3
8.1211e-01 1.9847e-01 3
8.5541e-01 2.3644e-01 3
7.8061e-01 1.7659e-01 3
7.7747e-01 1.9231e-01 3
8.2125e-01 1.6942e-01 3
7.6927e-01 1.0153e-01 3
8.0827e-01 1.5963e-01 3
7.4357e-01 1.9022e-01 3
8.0401e-01 2.3559e-01 3
7.9277e-01 2.1131e-01 3
8.5948e-01 2.1299e-01 3
8.4823e-01 2.1242e-01 3
8.0559e-01 2.0978e-01 3
8.1944e-01 1.5344e-01 3
8.1126e-01 1.5709e-01 3
8.0720e-01 1.8587e-01 3
8.2996e-01 1.5150e-01 3
7.7655e-01 2.6055e-01 3
7.8442e-01 1.9399e-01 3
8.1352e-01 1.8772e-01 3
7.8566e-01 1.7516e-01 3
8.4766e-01 1.8828e-01 3
8.2639e-01 1.6927e-01 3
7.5087e-01 1.8722e-01 3
8.4480e-01 1.4869e-01 3
7.7475e-01 2.0053e-01 3
8.2644e-01 2.1265e-01 3
8.1566e-01 1.8382e-01 3
7.7250e-01 1.4749e-01 3
8.3753e-01 1.4293e-01 3
7.6891e-01 1.8724e-01 3
8.2957e-01 1.7040e-01 3
7.8932e-01 1.5979e-01 3
8.0700e-01 2.5622e-01 3
8.3244e-01 2.5186e-01 3
7.8995e-01 1.8494e-01 3
7.6580e-01 1.7867e-01 3
8.5426e-01 1.8497e-01 3
8.0952e-01 1.6941e-01 3
7.8875e-01 1.5751e-01 3
7.8158e-01 1.6554e-01 3
7.9342e-01 1.5581e-01 3
8.5194e-01 1.9113e-01 3
7.9089e-01 2.1076e-01 3
7.9822e-01 2.6435e-01 3
7.8610e-01 2.3733e-01 3
7.7803e-01 1.8327e-01 3
7.9796e-01 2.3709e-01 3
7.7095e-01 1.8166e-01 3
7.7000e-01 2.0158e-01 3
7.9752e-01 2.0652e-01 3
7.9437e-01 2.0562e-01 3
7.5238e-01 1.8856e-01 3
7.9838e-01 1.6884e-01 3
7.4515e-01 2.2860e-01 3
7.7893e-01 2.0582e-01 3
7.7304e-01 2.5580e-01 3
7.6968e-01 1.6001e-01 3
8.1422e-01 1.8199e-01 3
8.0801e-01 1.9912e-01 3
8.0599e-01 1.4412e-01 3
7.8277e-01 1.9269e-01 3
7.6866e-01 2.1348e-01 3
7.6889e-01 1.6232e-01 3
7.6881e-01 1.8746e-01 3
8.0776e-01 1.7159e-01 3
7.5320e-01 1.6725e-01 3
8.0399e-01 1.9897e-01 3
7.8252e-01 2.0815e-01 3
7.8956e-01 1.8659e-01 3
8.2657e-01 2.4718e-01 3
8.2524e-01 1.4996e-01 3
