2.6706e-01 2.1243e-01 1
2.3893e-01 1.9272e-01 1
1.9131e-01 2.4823e-01 1
1.6535e-01 1.6772e-01 1
2.3848e-01 2.0424e-01 1
1.5836e-01 2.0820e-01 1
2.8241e-01 2.1747e-01 1
2.0869e-01 2.1140e-01 1
1.5009e-01 1.7756e-01 1
1.7346e-01 2.2672e-01 1
1.7220e-01 2.6061e-01 1
1.8850e-01 2.5567e-01 1
1.6482e-01 1.3623e-01 1
2.2723e-01 1.8314e-01 1
2.0813e-01 1.8523e-01 1
1.7128e-01 1.9406e-01 1
1.6171e-01 2.2631e-01 1
1.7797e-01 1.8617e-01 1
1.8391e-01 2.3617e-01 1
2.5469e-01 2.3628e-01 1
2.0809e-01 1.2929e-01 1
1.9703e-01 1.3294e-01 1
1.9014e-01 2.2547e-01 1
1.9332e-01 2.0966e-01 1
1.8494e-01 2.2716e-01 1
2.1012e-01 2.0212e-01 1
2.1064e-01 2.4679e-01 1
1.8776e-01 1.6209e-01 1
1.8356e-01 2.0263e-01 1
1.5457e-01 2.4154e-01 1
1.4857e-01 2.4071e-01 1
1.7762e-01 1.7345e-01 1
2.0297e-01 1.6906e-01 1
2.0982e-01 2.5366e-01 1
1.8826e-01 1.9432e-01 1
2.3331e-01 1.7811e-01 1
2.1361e-01 2.0774e-01 1
1.6825e-01 1.7192e-01 1
2.3509e-01 2.0573e-01 1
2.2579e-01 2.0875e-01 1
2.0654e-01 2.1248e-01 1
1.9062e-01 2.0407e-01 1
1.5695e-01 2.2051e-01 1
1.6457e-01 1.9608e-01 1
2.0444e-01 1.3056e-01 1
1.5678e-01 2.3641e-01 1
2.1823e-01 1.9345e-01 1
2.0727e-01 1.8658e-01 1
1.6715e-01 2.0776e-01 1
2.1122e-01 2.1841e-01 1
1.8363e-01 1.9910e-01 1
1.9560e-01 1.9956e-01 1
1.8763e-01 1.7944e-01 1
2.0975e-01 2.1665e-01 1
1.8070e-01 2.2524e-01 1
2.4537e-01 1.9944e-01 1
1.5530e-01 1.9822e-01 1
1.7726e-01 1.8099e-01 1
1.9922e-01 1.9426e-01 1
1.2683e-01 1.9594e-01 1
1.6654e-01 1.6465e-01 1
1.8293e-01 2.3287e-01 1
2.0405e-01 2.0159e-01 1
1.7751e-01 2.0782e-01 1
1.9723e-01 2.1549e-01 1
2.1102e-01 1.9956e-01 1
2.1563e-01 2.6289e-01 1
1.9063e-01 2.1308e-01 1
2.1203e-01 2.2860e-01 1
1.7586e-01 1.8238e-01 1
1.6370e-01 1.4508e-01 1
1.8505e-01 2.2112e-01 1
1.6532e-01 2.0088e-01 1
2.2046e-01 1.9108e-01 1
2.4291e-01 2.1040e-01 1
1.5195e-01 1.9422e-01 1
2.0819e-01 1.9654e-01 1
1.8365e-01 1.5701e-01 1
1.8875e-01 2.3352e-01 1
1.9768e-01 2.3748e-01 1
2.8216e-01 2.0029e-01 1
1.5264e-01 2.1540e-01 1
2.1920e-01 1.6909e-01 1
1.9576e-01 2.1287e-01 1
1.8977e-01 2.1544e-01 1
2.0719e-01 2.4792e-01 1
2.0154e-01 1.7517e-01 1
2.0227e-01 2.0408e-01 1
2.0581e-01 2.2791e-01 1
2.1512e-01 2.3435e-01 1
2.0424e-01 2.1971e-01 1
2.0922e-01 1.6308e-01 1
1.9531e-01 1.5395e-01 1
1.7258e-01 2.0595e-01 1
2.2682e-01 2.3434e-01 1
2.1164e-01 1.7055e-01 1
1.8705e-01 1.8266e-01 1
2.4123e-01 1.9130e-01 1
1.7793e-01 1.9215e-01 1
1.3974e-01 1.7423e-01 1
2.2598e-01 2.5291e-01 1
1.9978e-01 2.0430e-01 1
1.8361e-01 1.8895e-01 1
1.6679e-01 2.4135e-01 1
2.0412e-01 1.7512e-01 1
1.6245e-01 2.0040e-01 1
1.7192e-01 1.5378e-01 1
2.0852e-01 1.4617e-01 1
1.9733e-01 2.0982e-01 1
1.9110e-01 1.8963e-01 1
2.0334e-01 1.7158e-01 1
1.9792e-01 1.9299e-01 1
2.1270e-01 2.0423e-01 1
1.7503e-01 2.0319e-01 1
1.7943e-01 1.9383e-01 1
1.8347e-01 2.3174e-01 1
2.1000e-01 2.0403e-01 1
1.9655e-01 1.4224e-01 1
1.4601e-01 2.0234e-01 1
2.3733e-01 1.9334e-01 1
1.9613e-01 2.2189e-01 1
1.7014e-01 1.8655e-01 1
2.0462e-01 1.7572e-01 1
2.0230e-01 2.4941e-01 1
2.3915e-01 1.7897e-01 1
1.7026e-01 1.8222e-01 1
2.0125e-01 2.4590e-01 1
1.8268e-01 2.0618e-01 1
2.3281e-01 2.2676e-01 1
2.1493e-01 2.0459e-01 1
2.1775e-01 2.6050e-01 1
1.6522e-01 2.3873e-01 1
1.7150e-01 2.1015e-01 1
1.3906e-01 1.6039e-01 1
2.0736e-01 1.9047e-01 1
1.7964e-01 1.8912e-01 1
1.2272e-01 1.8062e-01 1
1.7172e-01 1.7982e-01 1
2.4117e-01 2.4382e-01 1
2.0023e-01 1.9437e-01 1
2.0825e-01 1.7492e-01 1
1.9946e-01 2.2177e-01 1
2.0298e-01 2.0357e-01 1
1.6260e-01 1.5122e-01 1
1.8965e-01 2.5273e-01 1
1.6460e-01 1.7166e-01 1
2.0177e-01 2.1320e-01 1
2.5830e-01 1.9106e-01 1
1.9618e-01 1.8232e-01 1
1.9812e-01 1.8182e-01 1
2.3063e-01 1.3337e-01 1
2.3074e-01 2.0811e-01 1
2.0597e-01 2.0731e-01 1
2.8253e-01 1.9177e-01 1
2.2221e-01 2.3637e-01 1
2.1752e-01 1.9721e-01 1
1.8323e-01 1.8729e-01 1
2.1501e-01 2.0615e-01 1
1.5962e-01 1.5693e-01 1
2.2259e-01 2.0305e-01 1
1.6882e-01 1.8879e-01 1
2.3718e-01 2.5032e-01 1
1.6676e-01 1.8406e-01 1
1.7508e-01 1.7304e-01 1
2.0301e-01 2.3882e-01 1
1.6208e-01 1.9916e-01 1
2.5163e-01 2.0623e-01 1
1.7432e-01 1.7440e-01 1
2.6818e-01 2.0453e-01 1
2.0108e-01 1.4518e-01 1
1.8748e-01 2.1472e-01 1
2.0937e-01 2.2323e-01 1
1.6999e-01 1.8885e-01 1
2.1193e-01 1.5405e-01 1
2.3542e-01 2.1885e-01 1
2.0964e-01 2.4234e-01 1
2.5108e-01 2.4494e-01 1
2.1926e-01 2.2874e-01 1
2.1243e-01 1.5935e-01 1
1.9431e-01 2.0133e-01 1
2.5172e-01 2.0291e-01 1
2.2722e-01 1.9766e-01 1
2.7638e-01 2.2402e-01 1
1.9132e-01 2.3629e-01 1
1.6428e-01 1.9960e-01 1
2.2791e-01 2.7481e-01 1
1.7388e-01 2.0285e-01 1
1.6526e-01 2.1648e-01 1
2.2690e-01 1.9720e-01 1
2.2755e-01 1.8557e-01 1
2.1466e-01 2.0749e-01 1
1.9589e-01 1.8217e-01 1
1.7805e-01 1.8651e-01 1
1.9682e-01 2.2587e-01 1
1.8473e-01 2.0353e-01 1
1.1623e-01 1.9795e-01 1
1.7516e-01 1.7685e-01 1
2.3673e-01 2.2068e-01 1
1.8887e-01 2.0950e-01 1
1.9340e-01 1.5367e-01 1
1.5420e-01 1.9992e-01 1
2.3444e-01 2.0190e-01 1
2.1933e-01 1.8611e-01 1
2.2088e-01 1.7212e-01 1
2.1050e-01 1.7315e-01 1
2.2329e-01 1.3888e-01 1
2.3554e-01 1.9809e-01 1
2.1491e-01 2.1045e-01 1
2.6610e-01 2.4044e-01 1
1.4958e-01 1.6390e-01 1
2.3742e-01 2.2288e-01 1
1.9624e-01 1.7918e-01 1
1.8427e-01 2.1101e-01 1
2.3930e-01 1.9486e-01 1
1.9886e-01 2.1308e-01 1
2.1445e-01 1.9631e-01 1
2.0753e-01 1.9074e-01 1
2.1543e-01 2.1866e-01 1
1.7585e-01 1.4492e-01 1
2.1792e-01 1.5891e-01 1
2.2987e-01 1.8814e-01 1
2.3273e-01 2.1565e-01 1
2.0580e-01 1.7110e-01 1
2.0403e-01 1.5098e-01 1
1.9819e-01 2.5613e-01 1
2.0670e-01 2.0161e-01 1
1.5866e-01 2.1593e-01 1
1.7086e-01 1.8582e-01 1
1.7899e-01 2.1537e-01 1
2.3754e-01 2.2946e-01 1
2.0582e-01 2.1718e-01 1
1.9648e-01 1.9158e-01 1
2.1575e-01 1.7587e-01 1
1.7824e-01 1.9993e-01 1
1.9012e-01 1.9771e-01 1
2.3944e-01 1.9342e-01 1
2.0806e-01 1.9251e-01 1
1.5434e-01 2.2062e-01 1
2.0425e-01 2.3594e-01 1
2.1149e-01 1.4611e-01 1
1.9198e-01 2.1316e-01 1
1.6468e-01 1.7363e-01 1
2.3112e-01 1.7164e-01 1
2.3425e-01 2.2849e-01 1
2.3997e-01 1.7744e-01 1
2.1819e-01 1.7095e-01 1
1.8440e-01 2.0671e-01 1
1.6519e-01 2.1562e-01 1
2.0262e-01 2.2939e-01 1
1.9746e-01 1.8888e-01 1
1.8596e-01 4.3242e-01 2
1.8741e-01 3.7386e-01 2
2.1196e-01 4.1349e-01 2
1.9650e-01 3.7959e-01 2
1.7856e-01 4.0720e-01 2
1.9123e-01 3.8320e-01 2
2.7034e-01 3.9740e-01 2
1.9536e-01 3.9200e-01 2
1.8868e-01 4.3963e-01 2
2.1445e-01 4.0937e-01 2
2.0510e-01 4.1658e-01 2
1.9310e-01 4.0468e-01 2
1.9193e-01 3.5936e-01 2
2.2013e-01 4.2334e-01 2
2.0612e-01 3.7573e-01 2
1.8393e-01 4.2541e-01 2
2.2520e-01 3.9862e-01 2
1.9236e-01 4.1070e-01 2
1.9562e-01 3.5658e-01 2
2.3280e-01 3.9825e-01 2
1.7468e-01 3.5482e-01 2
1.8224e-01 4.3975e-01 2
2.0730e-01 3.7549e-01 2
2.3033e-01 4.0102e-01 2
2.1336e-01 4.3802e-01 2
2.2305e-01 4.0066e-01 2
2.0321e-01 3.9571e-01 2
2.3818e-01 4.1182e-01 2
2.5468e-01 3.8309e-01 2
2.4883e-01 3.3874e-01 2
1.5362e-01 3.5075e-01 2
2.4242e-01 3.8311e-01 2
1.9609e-01 4.2597e-01 2
1.9047e-01 3.9896e-01 2
2.3031e-01 4.1914e-01 2
2.1051e-01 4.1569e-01 2
2.1974e-01 4.0239e-01 2
1.8632e-01 4.6587e-01 2
1.7808e-01 3.4337e-01 2
2.3192e-01 4.3760e-01 2
2.2356e-01 3.8756e-01 2
1.5832e-01 3.6752e-01 2
2.1907e-01 3.7151e-01 2
1.9925e-01 4.4586e-01 2
2.4605e-01 3.7446e-01 2
2.1017e-01 4.1450e-01 2
2.2666e-01 3.8738e-01 2
1.6291e-01 3.7546e-01 2
1.8961e-01 3.9781e-01 2
1.8623e-01 4.3008e-01 2
2.0786e-01 3.4493e-01 2
2.3636e-01 3.8877e-01 2
1.7270e-01 3.7408e-01 2
1.9094e-01 4.3550e-01 2
2.2077e-01 4.0205e-01 2
1.6894e-01 3.9745e-01 2
1.8985e-01 3.9964e-01 2
2.5387e-01 4.1546e-01 2
2.2081e-01 3.4564e-01 2
2.0310e-01 3.4524e-01 2
1.6667e-01 4.0369e-01 2
1.8815e-01 4.8287e-01 2
2.3148e-01 3.7097e-01 2
1.8785e-01 4.1626e-01 2
2.3752e-01 4.2191e-01 2
2.1299e-01 3.7968e-01 2
1.5450e-01 4.1246e-01 2
1.8895e-01 4.3388e-01 2
2.2816e-01 3.7596e-01 2
2.2648e-01 3.7374e-01 2
1.8040e-01 4.1388e-01 2
2.4301e-01 3.9847e-01 2
2.1762e-01 3.8533e-01 2
2.0739e-01 3.6399e-01 2
2.7305e-01 4.0890e-01 2
2.3967e-01 3.5293e-01 2
2.0220e-01 4.1897e-01 2
1.9108e-01 4.0784e-01 2
2.2299e-01 3.9693e-01 2
1.9911e-01 4.5438e-01 2
2.1074e-01 4.2665e-01 2
2.0910e-01 4.2192e-01 2
1.7146e-01 3.8216e-01 2
2.0007e-01 3.6560e-01 2
2.2430e-01 4.0765e-01 2
2.1804e-01 4.0794e-01 2
2.3715e-01 3.9338e-01 2
1.9224e-01 3.4390e-01 2
2.0507e-01 3.6371e-01 2
1.8762e-01 3.7738e-01 2
1.9444e-01 4.2223e-01 2
2.1644e-01 3.7374e-01 2
1.9737e-01 3.9864e-01 2
2.2371e-01 4.1019e-01 2
1.8846e-01 4.2293e-01 2
1.8094e-01 3.4472e-01 2
1.1483e-01 3.9327e-01 2
1.9692e-01 3.4038e-01 2
2.0241e-01 3.6799e-01 2
2.1092e-01 4.0256e-01 2
2.0418e-01 4.4126e-01 2
2.1972e-01 4.1950e-01 2
1.7875e-01 4.6031e-01 2
2.6928e-01 3.9386e-01 2
2.2325e-01 3.7588e-01 2
2.1987e-01 4.2565e-01 2
1.8044e-01 4.0896e-01 2
2.0140e-01 3.8041e-01 2
1.5399e-01 3.9710e-01 2
2.0912e-01 3.5868e-01 2
1.7805e-01 4.3192e-01 2
2.1229e-01 4.1310e-01 2
2.1842e-01 4.0776e-01 2
1.6598e-01 3.7769e-01 2
1.6436e-01 3.5163e-01 2
2.0427e-01 4.2210e-01 2
1.7449e-01 4.3801e-01 2
1.6537e-01 3.4976e-01 2
2.6800e-01 3.5148e-01 2
1.4841e-01 3.9464e-01 2
1.5466e-01 4.3088e-01 2
1.7979e-01 4.3449e-01 2
1.5462e-01 3.9409e-01 2
1.8125e-01 3.8570e-01 2
1.7920e-01 4.5622e-01 2
2.1554e-01 3.9610e-01 2
2.0187e-01 4.2316e-01 2
2.3903e-01 4.2517e-01 2
2.1975e-01 4.0504e-01 2
2.7523e-01 4.0472e-01 2
2.3528e-01 4.2944e-01 2
2.0757e-01 3.8874e-01 2
1.7928e-01 4.2450e-01 2
2.1224e-01 3.9295e-01 2
2.0502e-01 3.8183e-01 2
1.5574e-01 4.4163e-01 2
2.1820e-01 3.8846e-01 2
1.9611e-01 3.9725e-01 2
2.0059e-01 3.9038e-01 2
2.2524e-01 3.8462e-01 2
2.2237e-01 3.7083e-01 2
2.0787e-01 4.3465e-01 2
2.0921e-01 4.1847e-01 2
1.4154e-01 4.2546e-01 2
2.1255e-01 4.1389e-01 2
2.0200e-01 4.2539e-01 2
1.5441e-01 3.9789e-01 2
2.0641e-01 4.0844e-01 2
1.8612e-01 4.0646e-01 2
2.4471e-01 4.7783e-01 2
1.9719e-01 3.9024e-01 2
2.1107e-01 4.4225e-01 2
2.1321e-01 3.9372e-01 2
2.2468e-01 3.7940e-01 2
2.0698e-01 4.0276e-01 2
2.1599e-01 3.5934e-01 2
2.0701e-01 4.2541e-01 2
2.2233e-01 3.8002e-01 2
2.3528e-01 4.1109e-01 2
2.4666e-01 3.8706e-01 2
1.9674e-01 3.7232e-01 2
2.2284e-01 3.9356e-01 2
1.9140e-01 3.8421e-01 2
1.6516e-01 3.6565e-01 2
2.2598e-01 4.0293e-01 2
1.6955e-01 3.6611e-01 2
2.0471e-01 3.5657e-01 2
2.1851e-01 4.2173e-01 2
1.8790e-01 3.8855e-01 2
2.1122e-01 4.0436e-01 2
1.6038e-01 3.4658e-01 2
2.0788e-01 4.2717e-01 2
2.1895e-01 4.5187e-01 2
1.6753e-01 3.9843e-01 2
1.9253e-01 3.8013e-01 2
2.2246e-01 3.7277e-01 2
2.4334e-01 4.3861e-01 2
2.1277e-01 3.8780e-01 2
2.0048e-01 3.9562e-01 2
1.9085e-01 3.6229e-01 2
1.9378e-01 3.9017e-01 2
1.9957e-01 4.1672e-01 2
1.7400e-01 4.1704e-01 2
2.3399e-01 4.1104e-01 2
1.8815e-01 4.1695e-01 2
1.4368e-01 3.8130e-01 2
1.9624e-01 4.6051e-01 2
1.9345e-01 3.9967e-01 2
2.4633e-01 4.1730e-01 2
1.6408e-01 3.6460e-01 2
2.0821e-01 3.7850e-01 2
1.6639e-01 4.0018e-01 2
1.6447e-01 4.0608e-01 2
2.1894e-01 4.4396e-01 2
2.4689e-01 4.2270e-01 2
2.2445e-01 4.4180e-01 2
1.9822e-01 3.5765e-01 2
1.8706e-01 3.8800e-01 2
1.7527e-01 3.7885e-01 2
1.9406e-01 4.1523e-01 2
1.8516e-01 4.0084e-01 2
1.6791e-01 4.4870e-01 2
1.8726e-01 3.7759e-01 2
1.8416e-01 4.1151e-01 2
1.9827e-01 3.8617e-01 2
2.2796e-01 3.7080e-01 2
2.3541e-01 4.4044e-01 2
2.0040e-01 4.5029e-01 2
2.3108e-01 3.9460e-01 2
1.7533e-01 3.7417e-01 2
2.3839e-01 3.7669e-01 2
2.2085e-01 4.3300e-01 2
1.8185e-01 3.5642e-01 2
2.1050e-01 3.5603e-01 2
1.9508e-01 4.1954e-01 2
1.7476e-01 3.8545e-01 2
1.8815e-01 3.7080e-01 2
1.6196e-01 4.1113e-01 2
1.6621e-01 4.2189e-01 2
2.0249e-01 4.1190e-01 2
1.8777e-01 4.0243e-01 2
2.1167e-01 4.4347e-01 2
1.7175e-01 3.7952e-01 2
1.8758e-01 4.0197e-01 2
1.6995e-01 4.2191e-01 2
1.5820e-01 3.8538e-01 2
1.6457e-01 3.8546e-01 2
2.1017e-01 4.2160e-01 2
1.8453e-01 3.6228e-01 2
2.0413e-01 3.9888e-01 2
1.7932e-01 3.8192e-01 2
1.8163e-01 4.6170e-01 2
1.5548e-01 3.8955e-01 2
2.2865e-01 3.7248e-01 2
2.0301e-01 3.4232e-01 2
2.1998e-01 4.0870e-01 2
2.0453e-01 4.3188e-01 2
2.2275e-01 4.4957e-01 2
2.2883e-01 4.0560e-01 2
2.4377e-01 3.8723e-01 2
2.0257e-01 4.3678e-01 2
2.9225e-01 4.3658e-01 2
1.8322e-01 3.9359e-01 2
2.2563e-01 4.4330e-01 2
1.9808e-01 3.7407e-01 2
1.7583e-01 4.1516e-01 2
1.9771e-01 3.7277e-01 2
2.1357e-01 3.7405e-01 2
1.9311e-01 4.1701e-01 2
1.6189e-01 3.7419e-01 2
6.2927e-01 7.8078e-01 3
6.5540e-01 8.4005e-01 3
6.2526e-01 7.9294e-01 3
6.4782e-01 8.0371e-01 3
6.5076e-01 8.0225e-01 3
6.3732e-01 7.5783e-01 3
6.4248e-01 8.0119e-01 3
6.6600e-01 8.1055e-01 3
6.5988e-01 7.9694e-01 3
6.4267e-01 8.2747e-01 3
6.5378e-01 7.9759e-01 3
6.5957e-01 7.7847e-01 3
6.9934e-01 7.8550e-01 3
6.2804e-01 7.8883e-01 3
6.0408e-01 8.0207e-01 3
6.4128e-01 7.6781e-01 3
6.6367e-01 8.1649e-01 3
6.3375e-01 7.7110e-01 3
6.2692e-01 7.3291e-01 3
6.5490e-01 7.3759e-01 3
6.5172e-01 8.1242e-01 3
6.1915e-01 8.0419e-01 3
6.6501e-01 7.7918e-01 3
6.5853e-01 7.9414e-01 3
6.5160e-01 7.9831e-01 3
6.7060e-01 8.2465e-01 3
6.2729e-01 7.9961e-01 3
6.2655e-01 8.2688e-01 3
6.7181e-01 8.6521e-01 3
6.3858e-01 8.0238e-01 3
6.7159e-01 8.3218e-01 3
6.3975e-01 7.9211e-01 3
6.0228e-01 8.5082e-01 3
6.6540e-01 7.3283e-01 3
6.7457e-01 8.1755e-01 3
6.0424e-01 8.0597e-01 3
6.3611e-01 7.9258e-01 3
6.6736e-01 8.1365e-01 3
6.3862e-01 7.6138e-01 3
6.2608e-01 8.0035e-01 3
6.6121e-01 7.7585e-01 3
6.3148e-01 8.2597e-01 3
7.0345e-01 7.9666e-01 3
6.4205e-01 8.0239e-01 3
6.1756e-01 8.2290e-01 3
6.5510e-01 8.7881e-01 3
6.2975e-01 7.9786e-01 3
6.5694e-01 7.6543e-01 3
6.3608e-01 7.9660e-01 3
6.3558e-01 8.3112e-01 3
6.7230e-01 7.7358e-01 3
6.0711e-01 7.5784e-01 3
6.7968e-01 8.4076e-01 3
6.3093e-01 8.0015e-01 3
5.8920e-01 8.3126e-01 3
6.5845e-01 8.1394e-01 3
6.7713e-01 7.5909e-01 3
6.8824e-01 8.1256e-01 3
6.4767e-01 8.3208e-01 3
6.7142e-01 7.7142e-01 3
6.6277e-01 7.8252e-01 3
6.4401e-01 7.9027e-01 3
6.3427e-01 8.1156e-01 3
6.3980e-01 8.3161e-01 3
6.3023e-01 8.1101e-01 3
6.6064e-01 7.8706e-01 3
6.7546e-01 7.9788e-01 3
6.3958e-01 8.0884e-01 3
5.8579e-01 8.2109e-01 3
6.3200e-01 7.8008e-01 3
6.3224e-01 8.0822e-01 3
6.0712e-01 8.6591e-01 3
6.7737e-01 8.2208e-01 3
6.6439e-01 8.1600e-01 3
6.5756e-01 8.0609e-01 3
6.3070e-01 8.0386e-01 3
6.2363e-01 8.3666e-01 3
6.1729e-01 7.9096e-01 3
6.5472e-01 8.4066e-01 3
6.3948e-01 8.4326e-01 3
6.8528e-01 8.5217e-01 3
6.4779e-01 8.1775e-01 3
7.1101e-01 7.8752e-01 3
6.6008e-01 8.6691e-01 3
6.4041e-01 7.6396e-01 3
6.9383e-01 8.0890e-01 3
6.3082e-01 8.0705e-01 3
6.7983e-01 7.8531e-01 3
6.7491e-01 7.6726e-01 3
6.7639e-01 7.9754e-01 3
6.8023e-01 7.8918e-01 3
6.0824e-01 7.7496e-01 3
6.4607e-01 7.7790e-01 3
6.9743e-01 8.4461e-01 3
6.7072e-01 8.0032e-01 3
5.9119e-01 7.6527e-01 3
6.8200e-01 8.0768e-01 3
6.8397e-01 7.9461e-01 3
6.2113e-01 7.7219e-01 3
6.1787e-01 8.1964e-01 3
6.4373e-01 7.8300e-01 3
6.2529e-01 7.8876e-01 3
6.9073e-01 7.8794e-01 3
6.5209e-01 8.0974e-01 3
6.4591e-01 8.2841e-01 3
5.9105e-01 8.3398e-01 3
6.4974e-01 7.9839e-01 3
6.3984e-01 7.9856e-01 3
6.1117e-01 7.6747e-01 3
5.8681e-01 8.4106e-01 3
6.4922e-01 8.3319e-01 3
6.7702e-01 7.4734e-01 3
6.2057e-01 7.4553e-01 3
6.9558e-01 8.2085e-01 3
5.8315e-01 8.0647e-01 3
6.4328e-01 7.9978e-01 3
6.3627e-01 7.8369e-01 3
6.1158e-01 7.7586e-01 3
5.9009e-01 8.0011e-01 3
6.0574e-01 7.8829e-01 3
6.5408e-01 8.5035e-01 3
6.5099e-01 8.2479e-01 3
6.4703e-01 8.4133e-01 3
6.4308e-01 7.3335e-01 3
6.3987e-01 7.8326e-01 3
6.8204e-01 8.3398e-01 3
6.6194e-01 7.8160e-01 3
6.6585e-01 7.3698e-01 3
6.4554e-01 7.8140e-01 3
5.7241e-01 8.0066e-01 3
6.5988e-01 7.7593e-01 3
6.9086e-01 7.9949e-01 3
6.6248e-01 8.6662e-01 3
6.7327e-01 7.6505e-01 3
6.4853e-01 8.3730e-01 3
6.1845e-01 8.0464e-01 3
6.1506e-01 8.2533e-01 3
6.4620e-01 7.8005e-01 3
6.4567e-01 7.9679e-01 3
6.4188e-01 8.3644e-01 3
6.5593e-01 7.8547e-01 3
6.4476e-01 7.6487e-01 3
6.5621e-01 7.8311e-01 3
6.4337e-01 8.2600e-01 3
6.5292e-01 7.7244e-01 3
6.2481e-01 8.4288e-01 3
6.4860e-01 7.6267e-01 3
6.6372e-01 7.6267e-01 3
6.0925e-01 7.4556e-01 3
6.0931e-01 8.5328e-01 3
6.8610e-01 8.3277e-01 3
5.9185e-01 7.5467e-01 3
6.4494e-01 8.4893e-01 3
6.5132e-01 7.8652e-01 3
6.6266e-01 8.0553e-01 3
6.4033e-01 8.6341e-01 3
6.7700e-01 8.0396e-01 3
6.5597e-01 8.3272e-01 3
6.3761e-01 8.2192e-01 3
6.7692e-01 7.7765e-01 3
6.9395e-01 8.4895e-01 3
6.8315e-01 7.6501e-01 3
6.2314e-01 8.1823e-01 3
6.4752e-01 8.1296e-01 3
6.6279e-01 7.9413e-01 3
6.2401e-01 7.7298e-01 3
6.3665e-01 8.2049e-01 3
6.3640e-01 8.3072e-01 3
6.6455e-01 7.7261e-01 3
6.1208e-01 7.8964e-01 3
6.6819e-01 7.9201e-01 3
7.1394e-01 8.3981e-01 3
6.5797e-01 8.2308e-01 3
6.5018e-01 7.7945e-01 3
5.9209e-01 8.1040e-01 3
6.2761e-01 8.0492e-01 3
6.4887e-01 8.1584e-01 3
5.8648e-01 8.2008e-01 3
6.5430e-01 7.9623e-01 3
6.1127e-01 7.6204e-01 3
6.4201e-01 7.6339e-01 3
5.9731e-01 7.8777e-01 3
6.8387e-01 7.9461e-01 3
6.6436e-01 7.1765e-01 3
6.7711e-01 7.4240e-01 3
6.5841e-01 7.4707e-01 3
6.8179e-01 7.8660e-01 3
6.7414e-01 8.2696e-01 3
6.8075e-01 8.4209e-01 3
6.4755e-01 7.9554e-01 3
6.7171e-01 7.5887e-01 3
6.6912e-01 7.8868e-01 3
6.4618e-01 8.6960e-01 3
6.6369e-01 8.1201e-01 3
6.5645e-01 8.1283e-01 3
6.4794e-01 8.0112e-01 3
6.5813e-01 7.6713e-01 3
6.1274e-01 8.0843e-01 3
6.7105e-01 8.4753e-01 3
6.8405e-01 7.7259e-01 3
6.1703e-01 7.8489e-01 3
6.9093e-01 8.3413e-01 3
6.4046e-01 8.4496e-01 3
7.1121e-01 7.8694e-01 3
6.8489e-01 7.9137e-01 3
6.4334e-01 7.4240e-01 3
6.4217e-01 8.3323e-01 3
6.5764e-01 8.0985e-01 3
6.9464e-01 7.4848e-01 3
6.4334e-01 7.7311e-01 3
6.8020e-01 8.1953e-01 3
6.3913e-01 8.3939e-01 3
6.5461e-01 7.4680e-01 3
6.4841e-01 7.6834e-01 3
6.4696e-01 8.1281e-01 3
6.2880e-01 8.1895e-01 3
6.4048e-01 7.7615e-01 3
6.9322e-01 8.7577e-01 3
6.4857e-01 8.0591e-01 3
6.5555e-01 8.0321e-01 3
5.8535e-01 7.7595e-01 3
7.0337e-01 8.4131e-01 3
6.3945e-01 8.2633e-01 3
6.4569e-01 8.1376e-01 3
6.3834e-01 7.8713e-01 3
6.2107e-01 7.9109e-01 3
6.0822e-01 8.1287e-01 3
6.1984e-01 8.2218e-01 3
6.8772e-01 7.5929e-01 3
6.5655e-01 8.0016e-01 3
6.6413e-01 8.2673e-01 3
6.8353e-01 8.5911e-01 3
6.2653e-01 8.0332e-01 3
6.5135e-01 7.7690e-01 3
6.3823e-01 7.8237e-01 3
6.5146e-01 7.9370e-01 3
6.4268e-01 8.3051e-01 3
6.2084e-01 8.0584e-01 3
5.8800e-01 7.7085e-01 3
6.6147e-01 8.4675e-01 3
6.1920e-01 7.8813e-01 3
6.2707e-01 8.3377e-01 3
6.6923e-01 8.4118e-01 3
6.3439e-01 8.0671e-01 3
6.4135e-01 7.9376e-01 3
6.1126e-01 7.7908e-01 3
6.4018e-01 7.6693e-01 3
6.9733e-01 8.5090e-01 3
6.2118e-01 7.8704e-01 3
6.2677e-01 8.1264e-01 3
7.7298e-01 8.1248e-01 4
8.1843e-01 7.7276e-01 4
8.0431e-01 8.2556e-01 4
7.9757e-01 7.9476e-01 4
8.3981e-01 7.7982e-01 4
7.7311e-01 8.4118e-01 4
7.9280e-01 8.2912e-01 4
8.3110e-01 7.9918e-01 4
7.8017e-01 7.8550e-01 4
8.1156e-01 7.5875e-01 4
8.3087e-01 7.9597e-01 4
8.1454e-01 7.7614e-01 4
7.7325e-01 7.5905e-01 4
7.8691e-01 7.4533e-01 4
8.3268e-01 8.1149e-01 4
8.0839e-01 7.6370e-01 4
7.9435e-01 7.4986e-01 4
8.2905e-01 8.4184e-01 4
8.1862e-01 8.2301e-01 4
8.0328e-01 8.0102e-01 4
8.1298e-01 7.7241e-01 4
8.0746e-01 8.3519e-01 4
7.9609e-01 7.9627e-01 4
7.9883e-01 7.7136e-01 4
8.3582e-01 7.5255e-01 4
8.0156e-01 7.9750e-01 4
8.3230e-01 8.2381e-01 4
7.8062e-01 7.5157e-01 4
8.2942e-01 8.3341e-01 4
7.4830e-01 8.0939e-01 4
8.0658e-01 7.9212e-01 4
8.3994e-01 8.8353e-01 4
8.4396e-01 8.2222e-01 4
7.4009e-01 8.0326e-01 4
8.2299e-01 8.0570e-01 4
7.7947e-01 7.6917e-01 4
8.2311e-01 7.6637e-01 4
8.2050e-01 8.2029e-01 4
8.1570e-01 7.6089e-01 4
7.5094e-01 7.9527e-01 4
7.9649e-01 8.1108e-01 4
8.1826e-01 7.6409e-01 4
8.1242e-01 7.9754e-01 4
7.9936e-01 7.7264e-01 4
7.9967e-01 8.1795e-01 4
7.7219e-01 8.2397e-01 4
8.0368e-01 7.6724e-01 4
8.2801e-01 7.6967e-01 4
8.2018e-01 8.1842e-01 4
8.0046e-01 7.6538e-01 4
7.4170e-01 7.8724e-01 4
7.9935e-01 7.8755e-01 4
8.0327e-01 7.8540e-01 4
8.1619e-01 7.8590e-01 4
8.1252e-01 8.1134e-01 4
8.3219e-01 7.8728e-01 4
7.7372e-01 7.7364e-01 4
7.6896e-01 8.4698e-01 4
7.8414e-01 8.1570e-01 4
7.6255e-01 7.6755e-01 4
8.1201e-01 7.8502e-01 4
8.1423e-01 7.7938e-01 4
7.9593e-01 7.5923e-01 4
7.8766e-01 8.3844e-01 4
7.8110e-01 7.4856e-01 4
8.3408e-01 8.4905e-01 4
7.8729e-01 8.0042e-01 4
7.8391e-01 8.4663e-01 4
8.4069e-01 8.1027e-01 4
8.1216e-01 7.8912e-01 4
7.7446e-01 8.1285e-01 4
7.6040e-01 8.3655e-01 4
7.7781e-01 8.1692e-01 4
7.5344e-01 8.2123e-01 4
7.9116e-01 8.2886e-01 4
8.0094e-01 7.3430e-01 4
8.0496e-01 7.5932e-01 4
8.0819e-01 8.1171e-01 4
7.6913e-01 8.0767e-01 4
8.0521e-01 8.0467e-01 4
8.0569e-01 7.9723e-01 4
7.8692e-01 7.5842e-01 4
7.6245e-01 8.1222e-01 4
8.5200e-01 7.7785e-01 4
8.0216e-01 7.9985e-01 4
8.1867e-01 7.7064e-01 4
7.9820e-01 8.1401e-01 4
7.2622e-01 8.1632e-01 4
8.3641e-01 8.1485e-01 4
8.3412e-01 7.8512e-01 4
8.0120e-01 8.6943e-01 4
8.1062e-01 7.9436e-01 4
7.8604e-01 8.0201e-01 4
8.1051e-01 7.9270e-01 4
7.9812e-01 7.9921e-01 4
8.3001e-01 7.9294e-01 4
7.8395e-01 8.3439e-01 4
7.5333e-01 7.8494e-01 4
8.0128e-01 7.7394e-01 4
7.9162e-01 8.3815e-01 4
8.0552e-01 7.6513e-01 4
7.8772e-01 7.8659e-01 4
7.9425e-01 7.9484e-01 4
8.0930e-01 8.1038e-01 4
7.3794e-01 8.1411e-01 4
7.8815e-01 7.4201e-01 4
7.9408e-01 7.8484e-01 4
7.2712e-01 8.1204e-01 4
8.0736e-01 7.9088e-01 4
7.5475e-01 8.0977e-01 4
8.0055e-01 7.8073e-01 4
8.1020e-01 7.6378e-01 4
8.3057e-01 7.7600e-01 4
8.1739e-01 8.0796e-01 4
8.1668e-01 7.9819e-01 4
8.3445e-01 8.4022e-01 4
8.0289e-01 8.5244e-01 4
8.1399e-01 8.2012e-01 4
7.4053e-01 7.8747e-01 4
8.1228e-01 7.8935e-01 4
8.2516e-01 7.9484e-01 4
8.1796e-01 7.9518e-01 4
7.9715e-01 8.0788e-01 4
7.9233e-01 8.1131e-01 4
7.9820e-01 8.4472e-01 4
7.9779e-01 7.8872e-01 4
8.0910e-01 8.4452e-01 4
8.0816e-01 8.4962e-01 4
7.8068e-01 8.2817e-01 4
8.1231e-01 7.9235e-01 4
7.7973e-01 8.2434e-01 4
8.1728e-01 7.5553e-01 4
8.0717e-01 8.3797e-01 4
7.6488e-01 7.8978e-01 4
8.0520e-01 7.4527e-01 4
7.6150e-01 7.9798e-01 4
8.0473e-01 7.7114e-01 4
7.9003e-01 7.8226e-01 4
8.3373e-01 7.5103e-01 4
8.2668e-01 7.9192e-01 4
8.0229e-01 7.6225e-01 4
7.6646e-01 8.0695e-01 4
8.1997e-01 7.8360e-01 4
7.9198e-01 8.3970e-01 4
7.9391e-01 8.3031e-01 4
8.4923e-01 7.7341e-01 4
8.4544e-01 7.7672e-01 4
7.9911e-01 7.8563e-01 4
7.9419e-01 7.6788e-01 4
8.0761e-01 8.3458e-01 4
7.8751e-01 8.5910e-01 4
7.8529e-01 7.7456e-01 4
7.9458e-01 7.5772e-01 4
8.1788e-01 7.9248e-01 4
8.0652e-01 8.0441e-01 4
8.4951e-01 8.4153e-01 4
7.6814e-01 8.3663e-01 4
7.9901e-01 8.0019e-01 4
7.2820e-01 7.8073e-01 4
8.3996e-01 7.6590e-01 4
7.9239e-01 8.0387e-01 4
8.1473e-01 8.6923e-01 4
8.0069e-01 7.5651e-01 4
8.1369e-01 8.3187e-01 4
7.9513e-01 7.8626e-01 4
7.8441e-01 7.9110e-01 4
8.2925e-01 7.8489e-01 4
7.8949e-01 7.9689e-01 4
8.1898e-01 7.6930e-01 4
8.1466e-01 8.1845e-01 4
7.8783e-01 8.0220e-01 4
8.2290e-01 7.7021e-01 4
7.8542e-01 7.9317e-01 4
8.2789e-01 8.4884e-01 4
8.0124e-01 7.9506e-01 4
8.6798e-01 8.0990e-01 4
8.1467e-01 8.0084e-01 4
7.6365e-01 7.8422e-01 4
7.6225e-01 7.9763e-01 4
7.7835e-01 8.0730e-01 4
8.1520e-01 8.2749e-01 4
7.9008e-01 8.0584e-01 4
7.5115e-01 8.0459e-01 4
8.3256e-01 8.0664e-01 4
8.1035e-01 8.3859e-01 4
8.0199e-01 7.6561e-01 4
7.8045e-01 7.9604e-01 4
8.0145e-01 8.1020e-01 4
7.6318e-01 7.5047e-01 4
8.0902e-01 8.1803e-01 4
7.9906e-01 7.6133e-01 4
8.0057e-01 7.7611e-01 4
7.9051e-01 7.5064e-01 4
7.7799e-01 7.9651e-01 4
8.3856e-01 8.4297e-01 4
8.0970e-01 7.9531e-01 4
7.9549e-01 8.0908e-01 4
7.6706e-01 8.0500e-01 4
8.1519e-01 7.9870e-01 4
7.4854e-01 8.0649e-01 4
7.8452e-01 7.4092e-01 4
8.0370e-01 8.2726e-01 4
7.6263e-01 7.7722e-01 4
8.3019e-01 8.1653e-01 4
7.9982e-01 8.3411e-01 4
8.0067e-01 8.5286e-01 4
7.8172e-01 7.6094e-01 4
7.7577e-01 8.1643e-01 4
8.0361e-01 8.2446e-01 4
8.1581e-01 7.9899e-01 4
7.8318e-01 8.1466e-01 4
7.9321e-01 7.4437e-01 4
7.6092e-01 7.8895e-01 4
7.4907e-01 7.7896e-01 4
8.1709e-01 8.2513e-01 4
8.0738e-01 7.8260e-01 4
8.3127e-01 8.4603e-01 4
8.1221e-01 8.0529e-01 4
8.5432e-01 8.1092e-01 4
8.0923e-01 8.1677e-01 4
8.3217e-01 7.8165e-01 4
7.8235e-01 8.3727e-01 4
7.7847e-01 7.4459e-01 4
7.8748e-01 8.2001e-01 4
7.9954e-01 7.8344e-01 4
7.4887e-01 8.1775e-01 4
7.9102e-01 8.1580e-01 4
8.2935e-01 8.3002e-01 4
8.2690e-01 8.2942e-01 4
7.6189e-01 7.7483e-01 4
7.9116e-01 7.4944e-01 4
8.1097e-01 8.4589e-01 4
8.1491e-01 7.7297e-01 4
7.9220e-01 8.2502e-01 4
7.9157e-01 7.6940e-01 4
8.0605e-01 8.5751e-01 4
7.7311e-01 8.2148e-01 4
7.9669e-01 7.6607e-01 4
8.0616e-01 8.0604e-01 4
8.8063e-01 7.5795e-01 4
7.8735e-01 8.0473e-01 4
7.9115e-01 8.1092e-01 4
8.4619e-01 7.9428e-01 4
8.2000e-01 7.7637e-01 4
7.7320e-01 7.8649e-01 4
8.0387e-01 8.4179e-01 4
8.1617e-01 7.5910e-01 4
8.0301e-01 8.1839e-01 4
8.3983e-01 8.1758e-01 4
7.7836e-01 7.9862e-01 4
8.2240e-01 1.9946e-01 5
8.1607e-01 2.2490e-01 5
7.8826e-01 1.9880e-01 5
8.1655e-01 1.9949e-01 5
7.9693e-01 1.8087e-01 5
7.5134e-01 2.1129e-01 5
8.5011e-01 1.6133e-01 5
7.5593e-01 2.0215e-01 5
8.2176e-01 1.6871e-01 5
8.3688e-01 1.8201e-01 5
8.7351e-01 1.4607e-01 5
8.3176e-01 1.9215e-01 5
7.3499e-01 1.9033e-01 5
8.3266e-01 1.9441e-01 5
7.8638e-01 1.6918e-01 5
8.1140e-01 1.8283e-01 5
8.1383e-01 1.9929e-01 5
8.4703e-01 2.1213e-01 5
7.4417e-01 1.7124e-01 5
7.6976e-01 1.6037e-01 5
8.2184e-01 1.9577e-01 5
8.0511e-01 2.2306e-01 5
7.9345e-01 1.7815e-01 5
7.7234e-01 1.8360e-01 5
7.4911e-01 1.5181e-01 5
8.1892e-01 1.8545e-01 5
7.9688e-01 1.8177e-01 5
8.0492e-01 1.7638e-01 5
8.2939e-01 2.1153e-01 5
7.8776e-01 2.0532e-01 5
8.2104e-01 1.4464e-01 5
8.4716e-01 2.0066e-01 5
7.9275e-01 2.1264e-01 5
8.0245e-01 1.8165e-01 5
8.4128e-01 2.2260e-01 5
8.3292e-01 2.1429e-01 5
7.8003e-01 2.1118e-01 5
7.6952e-01 2.2462e-01 5
8.4171e-01 1.8429e-01 5
7.9838e-01 1.7763e-01 5
8.1609e-01 1.7529e-01 5
8.2786e-01 2.3890e-01 5
8.1088e-01 2.0594e-01 5
8.3307e-01 2.4944e-01 5
7.4517e-01 1.9398e-01 5
8.0692e-01 1.8235e-01 5
8.1371e-01 2.0641e-01 5
7.8686e-01 2.2723e-01 5
8.0113e-01 2.2730e-01 5
7.7585e-01 2.0478e-01 5
8.0644e-01 1.6469e-01 5
8.1246e-01 2.0903e-01 5
7.9220e-01 2.2034e-01 5
8.0326e-01 2.0843e-01 5
8.0142e-01 2.3000e-01 5
8.3826e-01 2.1387e-01 5
8.2863e-01 1.9150e-01 5
7.8057e-01 2.1378e-01 5
8.4485e-01 1.5300e-01 5
8.0270e-01 1.6262e-01 5
8.1478e-01 2.3607e-01 5
8.2276e-01 1.8809e-01 5
8.2400e-01 1.9038e-01 5
8.1458e-01 1.3873e-01 5
7.7157e-01 1.6155e-01 5
7.9581e-01 1.7132e-01 5
7.8029e-01 2.1361e-01 5
7.5974e-01 2.1579e-01 5
8.0947e-01 1.7766e-01 5
7.9567e-01 1.7499e-01 5
8.0214e-01 2.2077e-01 5
8.0191e-01 2.4470e-01 5
8.3050e-01 1.8872e-01 5
8.3410e-01 1.8566e-01 5
7.6761e-01 1.8864e-01 5
7.9998e-01 2.0025e-01 5
8.1913e-01 1.7988e-01 5
8.2369e-01 2.2611e-01 5
8.2497e-01 1.9557e-01 5
7.3932e-01 2.1097e-01 5
8.4263e-01 1.9201e-01 5
8.1707e-01 2.0909e-01 5
7.6672e-01 1.8323e-01 5
7.9274e-01 2.1767e-01 5
7.8970e-01 1.8188e-01 5
8.2068e-01 1.8993e-01 5
7.9896e-01 2.0811e-01 5
7.8061e-01 1.7463e-01 5
7.6957e-01 1.7287e-01 5
8.3235e-01 2.4429e-01 5
8.0830e-01 1.3541e-01 5
8.1891e-01 2.0389e-01 5
7.7809e-01 1.7699e-01 5
7.9796e-01 1.9789e-01 5
7.9265e-01 1.9345e-01 5
8.1370e-01 2.3795e-01 5
7.9385e-01 1.4974e-01 5
7.4489e-01 1.6500e-01 5
7.9662e-01 2.1436e-01 5
7.8604e-01 1.9269e-01 5
7.8505e-01 1.9755e-01 5
8.3352e-01 2.0184e-01 5
7.8772e-01 2.3270e-01 5
8.2946e-01 1.9856e-01 5
8.1738e-01 2.3618e-01 5
8.2792e-01 2.3840e-01 5
7.9516e-01 2.1046e-01 5
8.6168e-01 1.9189e-01 5
7.4285e-01 2.2226e-01 5
7.5811e-01 1.9894e-01 5
8.1709e-01 2.2079e-01 5
8.3554e-01 1.6800e-01 5
8.4580e-01 2.3430e-01 5
7.8448e-01 1.7725e-01 5
7.9802e-01 1.9464e-01 5
7.9800e-01 2.2838e-01 5
7.5877e-01 2.1120e-01 5
7.9287e-01 1.5185e-01 5
7.7868e-01 1.9665e-01 5
8.0384e-01 2.0776e-01 5
8.3494e-01 1.7222e-01 5
8.3283e-01 2.0230e-01 5
7.8721e-01 1.9936e-01 5
7.8232e-01 2.0503e-01 5
7.8011e-01 2.6790e-01 5
8.0390e-01 1.3489e-01 5
8.3445e-01 1.8893e-01 5
8.3330e-01 1.7321e-01 5
7.8244e-01 1.5107e-01 5
8.2731e-01 2.2582e-01 5
8.0032e-01 1.4251e-01 5
8.4600e-01 2.1290e-01 5
7.6899e-01 2.4376e-01 5
7.8934e-01 2.5004e-01 5
8.0498e-01 2.3118e-01 5
8.5183e-01 2.4418e-01 5
7.5777e-01 2.3600e-01 5
7.7461e-01 1.8441e-01 5
7.7390e-01 1.3895e-01 5
7.5512e-01 2.2412e-01 5
7.8151e-01 1.3450e-01 5
7.6612e-01 1.6748e-01 5
8.0115e-01 1.5890e-01 5
8.1509e-01 1.7689e-01 5
8.7324e-01 2.3552e-01 5
8.2700e-01 2.0894e-01 5
7.9088e-01 1.5564e-01 5
8.0318e-01 2.3359e-01 5
7.5533e-01 1.6194e-01 5
7.9524e-01 2.1733e-01 5
7.7641e-01 1.5918e-01 5
7.9670e-01 1.7640e-01 5
8.3069e-01 2.1604e-01 5
7.9455e-01 1.6394e-01 5
7.5325e-01 1.6310e-01 5
7.4472e-01 2.0147e-01 5
8.1589e-01 2.1120e-01 5
8.0640e-01 1.9797e-01 5
7.9302e-01 2.6150e-01 5
8.0853e-01 2.3005e-01 5
8.2855e-01 2.0274e-01 5
8.3099e-01 1.5608e-01 5
8.0250e-01 1.5360e-01 5
7.8942e-01 1.9668e-01 5
8.2541e-01 1.8969e-01 5
8.3766e-01 1.9396e-01 5
7.6496e-01 2.1411e-01 5
8.1343e-01 1.8037e-01 5
8.0286e-01 2.0441e-01 5
8.0035e-01 2.0874e-01 5
8.1550e-01 2.2057e-01 5
7.7467e-01 1.9384e-01 5
8.0917e-01 2.1854e-01 5
7.7948e-01 1.6138e-01 5
8.0060e-01 2.1144e-01 5
7.7570e-01 1.9921e-01 5
7.7888e-01 2.0156e-01 5
7.9136e-01 1.9781e-01 5
8.3421e-01 2.2277e-01 5
8.3344e-01 2.6576e-01 5
7.5754e-01 2.6960e-01 5
8.1592e-01 1.4499e-01 5
7.7406e-01 1.5402e-01 5
8.3685e-01 1.4713e-01 5
8.0421e-01 1.7020e-01 5
7.7503e-01 1.6998e-01 5
8.0559e-01 1.7672e-01 5
8.3402e-01 2.0237e-01 5
7.9896e-01 1.9907e-01 5
7.8019e-01 2.2044e-01 5
8.1509e-01 2.5870e-01 5
8.3313e-01 1.9424e-01 5
7.6492e-01 1.9122e-01 5
7.5235e-01 2.1974e-01 5
7.4589e-01 2.3712e-01 5
7.7311e-01 2.2900e-01 5
7.9110e-01 2.2640e-01 5
8.2401e-01 2.2749e-01 5
8.1842e-01 1.5164e-01 5
7.5158e-01 1.6286e-01 5
8.1496e-01 1.7704e-01 5
7.6150e-01 2.2361e-01 5
7.4420e-01 1.9612e-01 5
8.3529e-01 2.0424e-01 5
7.6906e-01 1.8511e-01 5
8.0487e-01 1.9914e-01 5
8.2618e-01 1.9803e-01 5
8.3168e-01 2.4433e-01 5
7.5885e-01 1.6127e-01 5
8.1781e-01 2.1245e-01 5
8.1025e-01 2.0233e-01 5
7.4240e-01 2.0908e-01 5
8.1088e-01 1.4061e-01 5
8.1246e-01 2.0079e-01 5
8.0611e-01 2.1280e-01 5
8.5261e-01 1.6908e-01 5
8.3973e-01 2.0228e-01 5
8.1460e-01 2.3145e-01 5
8.1074e-01 2.0522e-01 5
8.0575e-01 2.3724e-01 5
7.8707e-01 1.7739e-01 5
8.0258e-01 1.9178e-01 5
7.9881e-01 2.0254e-01 5
7.9766e-01 2.3769e-01 5
8.4031e-01 2.3012e-01 5
7.8900e-01 2.3630e-01 5
8.1821e-01 1.7968e-01 5
8.0854e-01 2.2491e-01 5
8.2370e-01 2.5144e-01 5
8.2141e-01 1.8634e-01 5
8.2240e-01 1.6443e-01 5
8.0419e-01 2.2636e-01 5
7.9358e-01 2.1221e-01 5
8.4449e-01 1.8512e-01 5
8.1795e-01 1.9288e-01 5
7.6316e-01 1.5225e-01 5
7.6554e-01 1.9715e-01 5
7.7271e-01 1.9050e-01 5
8.0691e-01 2.5630e-01 5
7.7289e-01 1.7825e-01 5
7.7530e-01 2.2173e-01 5
8.0536e-01 1.7089e-01 5
8.3994e-01 2.6255e-01 5
8.2493e-01 2.2406e-01 5
8.2433e-01 2.0785e-01 5
8.4055e-01 2.5764e-01 5
8.3522e-01 1.8252e-01 5
7.8485e-01 1.8821e-01 5
7.8361e-01 2.2121e-01 5
7.7607e-01 1.8609e-01 5
