1.9900e-01 1.8631e-01 1
2.2150e-01 1.8860e-01 1
1.9281e-01 2.2214e-01 1
2.3226e-01 2.4382e-01 1
2.0092e-01 1.8851e-01 1
2.0287e-01 1.6705e-01 1
2.1721e-01 2.0375e-01 1
2.3238e-01 1.7889e-01 1
1.7762e-01 2.1739e-01 1
1.6037e-01 2.2009e-01 1
1.7527e-01 2.2852e-01 1
1.9497e-01 2.3871e-01 1
1.9616e-01 2.3383e-01 1
1.9133e-01 2.0356e-01 1
2.0260e-01 2.1576e-01 1
1.9344e-01 2.0709e-01 1
2.0454e-01 1.6877e-01 1
1.8319e-01 1.7340e-01 1
2.0853e-01 1.7500e-01 1
2.0356e-01 2.2499e-01 1
1.8428e-01 2.0088e-01 1
1.7675e-01 2.0598e-01 1
1.7194e-01 2.4157e-01 1
1.7313e-01 2.1662e-01 1
1.8553e-01 2.0008e-01 1
2.0852e-01 2.1165e-01 1
1.9349e-01 1.6576e-01 1
2.1421e-01 2.0009e-01 1
2.0829e-01 1.6115e-01 1
1.8508e-01 2.3896e-01 1
1.8550e-01 2.3705e-01 1
1.7171e-01 1.9994e-01 1
1.8955e-01 2.0143e-01 1
2.0013e-01 1.7994e-01 1
2.0475e-01 1.8471e-01 1
2.2129e-01 1.6742e-01 1
1.9439e-01 1.9729e-01 1
2.1203e-01 2.0909e-01 1
1.8435e-01 1.4843e-01 1
2.1695e-01 2.0593e-01 1
2.2227e-01 1.8254e-01 1
2.1333e-01 2.1269e-01 1
2.0783e-01 2.0901e-01 1
1.7579e-01 1.9118e-01 1
2.0826e-01 2.3149e-01 1
1.9316e-01 1.8438e-01 1
1.6279e-01 2.0925e-01 1
1.9139e-01 2.1062e-01 1
1.5893e-01 2.2833e-01 1
2.2638e-01 2.2107e-01 1
1.6508e-01 1.8285e-01 1
1.8817e-01 1.9969e-01 1
1.9536e-01 1.8497e-01 1
2.0978e-01 1.8079e-01 1
1.6737e-01 1.9514e-01 1
1.7792e-01 1.8802e-01 1
2.2101e-01 1.7393e-01 1
1.5790e-01 1.9972e-01 1
1.8563e-01 2.2578e-01 1
1.9029e-01 2.2338e-01 1
2.0465e-01 1.6820e-01 1
1.8929e-01 2.0126e-01 1
2.0707e-01 1.9748e-01 1
1.8427e-01 2.0756e-01 1
2.1673e-01 2.1078e-01 1
1.9479e-01 1.9855e-01 1
1.6025e-01 1.9721e-01 1
1.8048e-01 1.9461e-01 1
2.0177e-01 2.0655e-01 1
2.1708e-01 1.7391e-01 1
2.4477e-01 1.6374e-01 1
2.1088e-01 2.0029e-01 1
1.7631e-01 2.1543e-01 1
2.1460e-01 2.0059e-01 1
2.3582e-01 2.1212e-01 1
1.9988e-01 2.5612e-01 1
2.0691e-01 1.9775e-01 1
2.1690e-01 1.9620e-01 1
1.6856e-01 1.7512e-01 1
2.0163e-01 1.8797e-01 1
2.0970e-01 2.1196e-01 1
1.9676e-01 1.9087e-01 1
1.9131e-01 2.1072e-01 1
1.8652e-01 1.8739e-01 1
2.1041e-01 1.9185e-01 1
1.6749e-01 2.3103e-01 1
1.8813e-01 2.0760e-01 1
1.7053e-01 1.7997e-01 1
1.8062e-01 1.7849e-01 1
2.4303e-01 1.8651e-01 1
1.8903e-01 2.4202e-01 1
1.7665e-01 2.5835e-01 1
1.7810e-01 1.6774e-01 1
1.8582e-01 2.6178e-01 1
2.0570e-01 2.0934e-01 1
2.0369e-01 2.0520e-01 1
2.2027e-01 2.0557e-01 1
1.6542e-01 1.9240e-01 1
2.2201e-01 2.1896e-01 1
2.1297e-01 2.5329e-01 1
2.0678e-01 2.2874e-01 1
1.8744e-01 1.9475e-01 1
1.8077e-01 2.4139e-01 1
1.9128e-01 2.0141e-01 1
2.2964e-01 1.9061e-01 1
2.0442e-01 2.0907e-01 1
1.9950e-01 2.0071e-01 1
1.7979e-01 1.8320e-01 1
2.3883e-01 2.3328e-01 1
1.6974e-01 1.7646e-01 1
2.1574e-01 2.2117e-01 1
2.2978e-01 1.9813e-01 1
1.9577e-01 2.1447e-01 1
1.7658e-01 1.9129e-01 1
2.0579e-01 2.2518e-01 1
2.0653e-01 2.0993e-01 1
1.7736e-01 1.9376e-01 1
2.1368e-01 2.0418e-01 1
1.8453e-01 1.8120e-01 1
1.4967e-01 2.2170e-01 1
1.9344e-01 1.6574e-01 1
1.8457e-01 2.0874e-01 1
2.0184e-01 2.5949e-01 1
1.6596e-01 1.8625e-01 1
1.8866e-01 1.8608e-01 1
1.9900e-01 1.8221e-01 1
2.1952e-01 1.7493e-01 1
1.7913e-01 1.9208e-01 1
2.2042e-01 1.8093e-01 1
1.7755e-01 2.0373e-01 1
1.8944e-01 2.2498e-01 1
1.8673e-01 2.3354e-01 1
1.9892e-01 2.0837e-01 1
1.7961e-01 2.0690e-01 1
1.7310e-01 2.0395e-01 1
2.0192e-01 1.6691e-01 1
2.0601e-01 2.2556e-01 1
2.0642e-01 2.0292e-01 1
2.2364e-01 1.6891e-01 1
2.1612e-01 2.0043e-01 1
2.0468e-01 2.2199e-01 1
1.6041e-01 2.0262e-01 1
1.9309e-01 1.6123e-01 1
2.0235e-01 2.3676e-01 1
2.2632e-01 1.5985e-01 1
2.0125e-01 2.3389e-01 1
2.0618e-01 2.1708e-01 1
1.8247e-01 1.9509e-01 1
2.0562e-01 2.4493e-01 1
2.1447e-01 1.9679e-01 1
1.8419e-01 2.1060e-01 1
1.9496e-01 2.2210e-01 1
2.2423e-01 1.8723e-01 1
1.8901e-01 1.8196e-01 1
1.8281e-01 2.0826e-01 1
2.3639e-01 2.0290e-01 1
2.3368e-01 1.6364e-01 1
2.0141e-01 1.9920e-01 1
1.9245e-01 1.9762e-01 1
2.0642e-01 2.4408e-01 1
2.0045e-01 2.5355e-01 1
1.9164e-01 1.8621e-01 1
2.1661e-01 2.1987e-01 1
2.3084e-01 2.0653e-01 1
2.0343e-01 2.3431e-01 1
2.0117e-01 1.9141e-01 1
2.0004e-01 1.7446e-01 1
2.0203e-01 2.2004e-01 1
1.9229e-01 2.2721e-01 1
1.6051e-01 1.8619e-01 1
1.9010e-01 1.7758e-01 1
2.2373e-01 2.1946e-01 1
2.3185e-01 1.8882e-01 1
2.4266e-01 2.0754e-01 1
2.0780e-01 1.9269e-01 1
2.0680e-01 1.5492e-01 1
1.9315e-01 1.8276e-01 1
1.8564e-01 2.0669e-01 1
2.0539e-01 2.1027e-01 1
1.6685e-01 1.9155e-01 1
1.9358e-01 2.0942e-01 1
1.8489e-01 1.9613e-01 1
2.3062e-01 1.8037e-01 1
2.0063e-01 1.9184e-01 1
1.9887e-01 1.8816e-01 1
2.3799e-01 2.1391e-01 1
1.9236e-01 1.9153e-01 1
2.1812e-01 2.1156e-01 1
2.0959e-01 2.0661e-01 1
2.0669e-01 1.7667e-01 1
1.8633e-01 1.8136e-01 1
1.9193e-01 1.8130e-01 1
1.8755e-01 2.1375e-01 1
2.1859e-01 2.2209e-01 1
2.1566e-01 1.8785e-01 1
1.6752e-01 1.7448e-01 1
1.8997e-01 2.1790e-01 1
2.0537e-01 1.5755e-01 1
1.9953e-01 1.3962e-01 1
2.0581e-01 2.0053e-01 1
1.9420e-01 2.1004e-01 1
1.5520e-01 1.9342e-01 1
1.8999e-01 1.7882e-01 1
2.0529e-01 1.9247e-01 1
1.8379e-01 2.0882e-01 1
2.2302e-01 2.2793e-01 1
2.6757e-01 1.9631e-01 1
2.2382e-01 1.8930e-01 1
2.0279e-01 2.1555e-01 1
1.3398e-01 1.7377e-01 1
2.1825e-01 1.9385e-01 1
1.6042e-01 1.8943e-01 1
1.9877e-01 2.1747e-01 1
2.3084e-01 2.1514e-01 1
2.1178e-01 1.9215e-01 1
1.9008e-01 2.4916e-01 1
2.0538e-01 2.1150e-01 1
2.0687e-01 2.2290e-01 1
2.3562e-01 1.9752e-01 1
1.6066e-01 2.0272e-01 1
1.7945e-01 2.1110e-01 1
2.2215e-01 1.6091e-01 1
2.1056e-01 1.8261e-01 1
2.0080e-01 1.9621e-01 1
2.0442e-01 1.6550e-01 1
2.0023e-01 2.1018e-01 1
1.4574e-01 2.1712e-01 1
2.0598e-01 1.9041e-01 1
1.8079e-01 2.3375e-01 1
1.8942e-01 1.9151e-01 1
1.7946e-01 2.0834e-01 1
2.0963e-01 2.1300e-01 1
1.7481e-01 1.8423e-01 1
1.9415e-01 2.2103e-01 1
2.1192e-01 1.8854e-01 1
2.0295e-01 1.9339e-01 1
2.1307e-01 2.3113e-01 1
1.4534e-01 1.9652e-01 1
2.0613e-01 1.9912e-01 1
1.7509e-01 1.3149e-01 1
1.8986e-01 2.1133e-01 1
2.0516e-01 1.8626e-01 1
2.2470e-01 1.9313e-01 1
1.9535e-01 2.4980e-01 1
2.2181e-01 2.4713e-01 1
1.6934e-01 2.2336e-01 1
2.0490e-01 1.9131e-01 1
2.2467e-01 1.8235e-01 1
2.1751e-01 2.2899e-01 1
2.8252e-01 2.0724e-01 1
4.9773e-02 8.6685e-01 2
7.6846e-02 8.8363e-01 2
1.0783e-01 9.6041e-01 2
7.3655e-02 9.0608e-01 2
8.6576e-02 8.7763e-01 2
1.1382e-01 9.0986e-01 2
1.7147e-01 9.4110e-01 2
1.2585e-01 8.8176e-01 2
1.1904e-01 8.6862e-01 2
5.5104e-02 9.5187e-01 2
9.5969e-02 9.2666e-01 2
6.7805e-02 9.2282e-01 2
8.2064e-02 9.1211e-01 2
6.9110e-02 8.7205e-01 2
9.8085e-02 8.7160e-01 2
8.1795e-02 8.8176e-01 2
1.0596e-01 8.7934e-01 2
1.1049e-01 9.6782e-01 2
9.0057e-02 9.3610e-01 2
9.2444e-02 8.9222e-01 2
1.0539e-01 8.9300e-01 2
8.4326e-02 8.6952e-01 2
1.0611e-01 9.2109e-01 2
1.3343e-01 9.1349e-01 2
9.4865e-02 9.3370e-01 2
1.3522e-01 8.7936e-01 2
1.0489e-01 9.1662e-01 2
1.0697e-01 8.7777e-01 2
1.0830e-01 8.6739e-01 2
1.5192e-01 8.8240e-01 2
7.7092e-02 8.9890e-01 2
9.9807e-02 8.7309e-01 2
1.1544e-01 9.2902e-01 2
9.6078e-02 8.5882e-01 2
8.2740e-02 9.2330e-01 2
9.1343e-02 8.9979e-01 2
9.2565e-02 8.7622e-01 2
1.1599e-01 9.0611e-01 2
1.1345e-01 8.8337e-01 2
1.1735e-01 9.2379e-01 2
1.3693e-01 9.2359e-01 2
1.1951e-01 9.4970e-01 2
1.0479e-01 8.9859e-01 2
1.4058e-01 9.1166e-01 2
1.0201e-01 9.2929e-01 2
7.8402e-02 9.3095e-01 2
5.7087e-02 8.8772e-01 2
1.1702e-01 9.1589e-01 2
8.0245e-02 9.1961e-01 2
7.9509e-02 9.0585e-01 2
8.5958e-02 9.2805e-01 2
6.2583e-02 9.4350e-01 2
1.0140e-01 8.6569e-01 2
1.1437e-01 8.7512e-01 2
1.1893e-01 9.0640e-01 2
6.9964e-02 9.0448e-01 2
8.4073e-02 8.9624e-01 2
1.4819e-01 8.7653e-01 2
1.0259e-01 9.2113e-01 2
1.4627e-01 8.9797e-01 2
1.0283e-01 9.1127e-01 2
1.0120e-01 9.1497e-01 2
1.0211e-01 8.8537e-01 2
1.1229e-01 8.7781e-01 2
9.7266e-02 8.6764e-01 2
8.1822e-02 9.2899e-01 2
9.8978e-02 8.8111e-01 2
1.3577e-01 8.6024e-01 2
1.2592e-01 9.4690e-01 2
1.0524e-01 8.4968e-01 2
1.0930e-01 9.0200e-01 2
1.1407e-01 8.8135e-01 2
1.2753e-01 8.6588e-01 2
7.9876e-02 9.0196e-01 2
1.4278e-01 9.2638e-01 2
9.6166e-02 8.9932e-01 2
8.7034e-02 8.8277e-01 2
6.8355e-02 9.2530e-01 2
9.4411e-02 9.2806e-01 2
8.7025e-02 8.9752e-01 2
8.4640e-02 8.7564e-01 2
8.8333e-02 8.8022e-01 2
1.1814e-01 8.9957e-01 2
9.2160e-02 8.7967e-01 2
9.1486e-02 9.0342e-01 2
9.6363e-02 9.0922e-01 2
1.0635e-01 9.1310e-01 2
1.0938e-01 8.9694e-01 2
7.0778e-02 8.9349e-01 2
7.4893e-02 8.7600e-01 2
1.2585e-01 8.8604e-01 2
1.0839e-01 9.3804e-01 2
7.4988e-02 8.9883e-01 2
1.1357e-01 8.8416e-01 2
1.0619e-01 9.2691e-01 2
8.6164e-02 9.1749e-01 2
7.8029e-02 9.0169e-01 2
1.1499e-01 9.1116e-01 2
8.6752e-02 8.7440e-01 2
7.2837e-02 9.1323e-01 2
7.0906e-02 8.8184e-01 2
7.7122e-02 9.2418e-01 2
9.9448e-02 8.7407e-01 2
6.6036e-02 9.2690e-01 2
8.0626e-02 8.7087e-01 2
7.5887e-02 8.9921e-01 2
8.5450e-02 8.6748e-01 2
8.6747e-02 8.6710e-01 2
5.3048e-02 8.9232e-01 2
8.9588e-02 8.8159e-01 2
8.7567e-02 9.0377e-01 2
1.2326e-01 9.3676e-01 2
8.6647e-02 9.1637e-01 2
1.3624e-01 9.1930e-01 2
1.1601e-01 9.3693e-01 2
1.0027e-01 9.2204e-01 2
5.9417e-02 9.0356e-01 2
1.2710e-01 8.8179e-01 2
1.1192e-01 9.1551e-01 2
8.8635e-02 9.0257e-01 2
1.0030e-01 8.8915e-01 2
8.2775e-02 8.8271e-01 2
7.9631e-02 9.1045e-01 2
6.0641e-02 8.9229e-01 2
7.7875e-02 9.2747e-01 2
8.4544e-02 8.7961e-01 2
9.2363e-02 9.2497e-01 2
1.2191e-01 9.3883e-01 2
1.5095e-01 9.4069e-01 2
1.2457e-01 8.8108e-01 2
7.5603e-02 8.9794e-01 2
1.2718e-01 8.9251e-01 2
1.0144e-01 9.3838e-01 2
1.1890e-01 8.6048e-01 2
1.1569e-01 8.9108e-01 2
1.1066e-01 9.1038e-01 2
1.2250e-01 8.6278e-01 2
1.3897e-01 8.3769e-01 2
9.0851e-02 8.9921e-01 2
1.3070e-01 8.9629e-01 2
1.5529e-01 8.8707e-01 2
1.1022e-01 8.6134e-01 2
8.5416e-02 9.2536e-01 2
1.1150e-01 8.9152e-01 2
1.1576e-01 9.1337e-01 2
9.9183e-02 8.8092e-01 2
9.7058e-02 9.2080e-01 2
7.9175e-02 9.1729e-01 2
6.0385e-02 8.8981e-01 2
7.8625e-02 8.5121e-01 2
8.8893e-02 9.1309e-01 2
4.7973e-02 8.8755e-01 2
7.4010e-02 8.9303e-01 2
8.8362e-02 8.8928e-01 2
7.8269e-02 8.8809e-01 2
1.2192e-01 9.1264e-01 2
8.7405e-02 8.9104e-01 2
9.5802e-02 8.8304e-01 2
1.1238e-01 9.0130e-01 2
7.5748e-02 9.3618e-01 2
9.4883e-02 8.7953e-01 2
1.0082e-01 9.4043e-01 2
7.7171e-02 9.0145e-01 2
5.2048e-02 9.1308e-01 2
1.0661e-01 8.5650e-01 2
1.3670e-01 9.0161e-01 2
7.3429e-02 9.0280e-01 2
1.3227e-01 9.0888e-01 2
9.9000e-02 9.0185e-01 2
1.0037e-01 9.6110e-01 2
7.2717e-02 9.1121e-01 2
1.0091e-01 9.0839e-01 2
9.1210e-02 8.9201e-01 2
1.1289e-01 9.0974e-01 2
1.1477e-01 8.6985e-01 2
1.1703e-01 9.2171e-01 2
6.2714e-02 9.2107e-01 2
9.9228e-02 8.7170e-01 2
1.1004e-01 8.8670e-01 2
1.1614e-01 9.2011e-01 2
1.0509e-01 8.6410e-01 2
8.6346e-02 8.8136e-01 2
9.0255e-02 8.7346e-01 2
1.1601e-01 9.3634e-01 2
1.0541e-01 9.3244e-01 2
1.0136e-01 8.5279e-01 2
8.5037e-02 9.0913e-01 2
1.1751e-01 9.2390e-01 2
6.4592e-02 8.6904e-01 2
1.1102e-01 8.9058e-01 2
4.6598e-02 9.0714e-01 2
1.2640e-01 9.0125e-01 2
1.3027e-01 9.2329e-01 2
7.9227e-02 9.1152e-01 2
1.0706e-01 9.0347e-01 2
1.0432e-01 9.1829e-01 2
9.6636e-02 8.6830e-01 2
9.2017e-02 9.1020e-01 2
1.1242e-01 9.3032e-01 2
1.0808e-01 8.8917e-01 2
1.3908e-01 9.0117e-01 2
1.3007e-01 8.5148e-01 2
1.3967e-01 9.2230e-01 2
1.2030e-01 9.0936e-01 2
1.1168e-01 9.2138e-01 2
1.0388e-01 9.1843e-01 2
9.8917e-02 9.0415e-01 2
8.9057e-02 8.6882e-01 2
1.0622e-01 9.1183e-01 2
1.0725e-01 9.0695e-01 2
1.1524e-01 8.8915e-01 2
7.4515e-02 8.9360e-01 2
1.0936e-01 8.8769e-01 2
9.8546e-02 8.9120e-01 2
8.7555e-02 9.1471e-01 2
1.0288e-01 9.0417e-01 2
1.1363e-01 9.1294e-01 2
1.1652e-01 8.5640e-01 2
1.0440e-01 8.6465e-01 2
1.0076e-01 9.1016e-01 2
1.2001e-01 8.8994e-01 2
1.1465e-01 9.2930e-01 2
1.0534e-01 8.9415e-01 2
8.0645e-02 8.8343e-01 2
1.1904e-01 9.0848e-01 2
1.3471e-01 9.7333e-01 2
6.4704e-02 9.0281e-01 2
6.9852e-02 9.1279e-01 2
1.2772e-01 9.1458e-01 2
1.0899e-01 9.4276e-01 2
1.2506e-01 9.0241e-01 2
8.6431e-02 9.2625e-01 2
1.1518e-01 8.8360e-01 2
9.6137e-02 8.7627e-01 2
9.9889e-02 9.0689e-01 2
9.9092e-02 9.0165e-01 2
5.4353e-02 8.7788e-01 2
8.3705e-02 9.0127e-01 2
1.0938e-01 8.5147e-01 2
1.0505e-01 8.8824e-01 2
7.8533e-02 9.0887e-01 2
9.8248e-02 9.2115e-01 2
6.6500e-02 8.9907e-01 2
1.0576e-01 9.0961e-01 2
9.0302e-02 9.1738e-01 2
8.8167e-02 8.8865e-01 2
8.1936e-02 8.9174e-01 2
7.3383e-02 8.9132e-01 2
8.5339e-02 8.6724e-01 2
1.4260e-01 8.9031e-01 2
4.4033e-01 4.8856e-01 3
4.1595e-01 5.0356e-01 3
3.8177e-01 5.3567e-01 3
4.2140e-01 5.1896e-01 3
4.2491e-01 4.5847e-01 3
4.0262e-01 5.4617e-01 3
3.9945e-01 4.8404e-01 3
4.3403e-01 5.1009e-01 3
4.2413e-01 4.6747e-01 3
4.1382e-01 5.1779e-01 3
3.7609e-01 4.6029e-01 3
4.2157e-01 5.3466e-01 3
4.0215e-01 4.8612e-01 3
4.3273e-01 4.9229e-01 3
4.0517e-01 4.8498e-01 3
4.0701e-01 4.9995e-01 3
4.1193e-01 4.7306e-01 3
3.6373e-01 4.8958e-01 3
3.8981e-01 5.1162e-01 3
3.6946e-01 4.9469e-01 3
4.2545e-01 4.8768e-01 3
4.2948e-01 5.2235e-01 3
3.9384e-01 5.2931e-01 3
3.5226e-01 4.7524e-01 3
3.8812e-01 4.7241e-01 3
4.2563e-01 5.0168e-01 3
3.8956e-01 4.9899e-01 3
3.8598e-01 4.9309e-01 3
3.9601e-01 5.1065e-01 3
4.2522e-01 4.8258e-01 3
3.7410e-01 5.0562e-01 3
4.0171e-01 5.0163e-01 3
3.9212e-01 5.1489e-01 3
3.9365e-01 5.1255e-01 3
4.0750e-01 5.0865e-01 3
3.8594e-01 5.1881e-01 3
3.6636e-01 4.4606e-01 3
4.0217e-01 4.6770e-01 3
3.8482e-01 5.2357e-01 3
3.6308e-01 4.9157e-01 3
4.3399e-01 4.8647e-01 3
4.1003e-01 4.9959e-01 3
4.0956e-01 5.2055e-01 3
4.1354e-01 5.1040e-01 3
4.2199e-01 4.8833e-01 3
4.2477e-01 4.9739e-01 3
4.0542e-01 4.8782e-01 3
4.0573e-01 5.2683e-01 3
4.0867e-01 4.7710e-01 3
4.0328e-01 4.6714e-01 3
3.8318e-01 4.2303e-01 3
3.8077e-01 4.8464e-01 3
3.8602e-01 5.3390e-01 3
4.2927e-01 4.7696e-01 3
4.3410e-01 5.0389e-01 3
4.1288e-01 5.1970e-01 3
3.6097e-01 5.2769e-01 3
4.0952e-01 5.2034e-01 3
3.9833e-01 5.4754e-01 3
4.1472e-01 4.9544e-01 3
4.0417e-01 5.3532e-01 3
4.0654e-01 4.8454e-01 3
4.4459e-01 4.7903e-01 3
4.5489e-01 5.2585e-01 3
4.0625e-01 4.7404e-01 3
3.8409e-01 4.7961e-01 3
3.9095e-01 5.0272e-01 3
4.1759e-01 5.1954e-01 3
4.0157e-01 5.0772e-01 3
3.8471e-01 5.1211e-01 3
3.8121e-01 5.2135e-01 3
4.0700e-01 5.2019e-01 3
4.3657e-01 4.7556e-01 3
3.9493e-01 5.3336e-01 3
3.6779e-01 4.6613e-01 3
3.6624e-01 5.4419e-01 3
3.9925e-01 4.8104e-01 3
4.0329e-01 4.8674e-01 3
3.6852e-01 5.1354e-01 3
4.2040e-01 4.7300e-01 3
3.8626e-01 4.9636e-01 3
4.2789e-01 5.0903e-01 3
4.1856e-01 4.8742e-01 3
3.9114e-01 4.6625e-01 3
4.2038e-01 4.7806e-01 3
3.8251e-01 4.9994e-01 3
4.1273e-01 4.9911e-01 3
3.8305e-01 4.7755e-01 3
3.9359e-01 5.1706e-01 3
3.6203e-01 5.1616e-01 3
4.0964e-01 4.8249e-01 3
3.6843e-01 5.1946e-01 3
3.5257e-01 5.0708e-01 3
3.9674e-01 4.9676e-01 3
3.6880e-01 5.0963e-01 3
4.2137e-01 5.0852e-01 3
3.9407e-01 4.8424e-01 3
4.4396e-01 5.0901e-01 3
4.2354e-01 4.8420e-01 3
3.8775e-01 5.1982e-01 3
4.2849e-01 5.1346e-01 3
4.2819e-01 4.7955e-01 3
3.9785e-01 4.8798e-01 3
4.4137e-01 5.0158e-01 3
3.8988e-01 4.9765e-01 3
4.1256e-01 5.1225e-01 3
4.0740e-01 4.7689e-01 3
3.8995e-01 5.3581e-01 3
4.1454e-01 4.9866e-01 3
4.4416e-01 4.9278e-01 3
4.0007e-01 5.1253e-01 3
3.9846e-01 4.8023e-01 3
4.1693e-01 5.0665e-01 3
3.8245e-01 4.8022e-01 3
3.9329e-01 4.8429e-01 3
4.2554e-01 5.5068e-01 3
3.9570e-01 5.1866e-01 3
3.8849e-01 5.2804e-01 3
4.1364e-01 5.3597e-01 3
3.8865e-01 4.6974e-01 3
3.7607e-01 5.1119e-01 3
3.8773e-01 4.7886e-01 3
4.1005e-01 5.0108e-01 3
4.0660e-01 5.1265e-01 3
3.7617e-01 5.5279e-01 3
4.4172e-01 5.0341e-01 3
3.8539e-01 4.5832e-01 3
4.2876e-01 5.0237e-01 3
3.8468e-01 4.8792e-01 3
3.9166e-01 5.1825e-01 3
4.5125e-01 5.1762e-01 3
4.5730e-01 5.1142e-01 3
3.7416e-01 5.1683e-01 3
3.8955e-01 5.2253e-01 3
4.2415e-01 4.8384e-01 3
3.9251e-01 5.2229e-01 3
4.1749e-01 4.8129e-01 3
3.9842e-01 4.6804e-01 3
4.0273e-01 4.7217e-01 3
3.9000e-01 4.7456e-01 3
4.3422e-01 4.9795e-01 3
4.0614e-01 4.8916e-01 3
4.1982e-01 5.2929e-01 3
3.9436e-01 5.2282e-01 3
3.9486e-01 4.8228e-01 3
3.7323e-01 4.6414e-01 3
3.7657e-01 4.9185e-01 3
4.0399e-01 4.9443e-01 3
3.7127e-01 4.8228e-01 3
3.8654e-01 4.7628e-01 3
4.2369e-01 4.6203e-01 3
4.0981e-01 5.0122e-01 3
3.8566e-01 4.9513e-01 3
4.3526e-01 4.8125e-01 3
3.9492e-01 4.8920e-01 3
4.3661e-01 5.3482e-01 3
3.5371e-01 5.0189e-01 3
4.0933e-01 4.5127e-01 3
3.6772e-01 5.4479e-01 3
3.8689e-01 5.0374e-01 3
4.0306e-01 4.7079e-01 3
4.0870e-01 4.7730e-01 3
4.2177e-01 5.2765e-01 3
4.3900e-01 4.9193e-01 3
3.8396e-01 5.1011e-01 3
3.9571e-01 5.3088e-01 3
4.1133e-01 5.3275e-01 3
3.8686e-01 5.2575e-01 3
4.0931e-01 5.2318e-01 3
3.4772e-01 4.8124e-01 3
4.0735e-01 5.0757e-01 3
4.0584e-01 5.0782e-01 3
3.9260e-01 4.8695e-01 3
4.1837e-01 4.6672e-01 3
4.0452e-01 5.1883e-01 3
4.0358e-01 4.7524e-01 3
4.3436e-01 4.9550e-01 3
4.0866e-01 5.2256e-01 3
4.0845e-01 4.8565e-01 3
3.5406e-01 4.9358e-01 3
3.9619e-01 5.1737e-01 3
4.1031e-01 4.6211e-01 3
3.8964e-01 4.9081e-01 3
3.7432e-01 4.8033e-01 3
3.9530e-01 4.6882e-01 3
4.1100e-01 4.7753e-01 3
4.2551e-01 5.0343e-01 3
4.0468e-01 5.2155e-01 3
3.9644e-01 4.8569e-01 3
4.2715e-01 5.2294e-01 3
4.2057e-01 5.2735e-01 3
3.6819e-01 4.6696e-01 3
3.9163e-01 5.1173e-01 3
4.4206e-01 4.7387e-01 3
3.8214e-01 4.9070e-01 3
4.0698e-01 4.9772e-01 3
3.6063e-01 5.2574e-01 3
3.7826e-01 4.9495e-01 3
4.1250e-01 4.9085e-01 3
3.9079e-01 4.8949e-01 3
4.3744e-01 5.1230e-01 3
3.7416e-01 5.0721e-01 3
4.1801e-01 4.9863e-01 3
3.9755e-01 4.5148e-01 3
4.0276e-01 4.9849e-01 3
4.2596e-01 4.7130e-01 3
4.0493e-01 5.2675e-01 3
3.9020e-01 5.0022e-01 3
3.7615e-01 4.8253e-01 3
4.0311e-01 5.3186e-01 3
4.1793e-01 4.7681e-01 3
3.9683e-01 5.0130e-01 3
3.9527e-01 4.9548e-01 3
4.3385e-01 5.2703e-01 3
3.9856e-01 4.9271e-01 3
3.8072e-01 5.1642e-01 3
4.2758e-01 5.0443e-01 3
3.7680e-01 4.8780e-01 3
4.3665e-01 4.7493e-01 3
3.8283e-01 5.0365e-01 3
4.4622e-01 4.8626e-01 3
4.4378e-01 4.9974e-01 3
4.4015e-01 5.1834e-01 3
3.6728e-01 5.2263e-01 3
4.4062e-01 4.6723e-01 3
4.0593e-01 4.3723e-01 3
4.5049e-01 5.1203e-01 3
4.1124e-01 4.8755e-01 3
4.1611e-01 5.1456e-01 3
4.0454e-01 4.9608e-01 3
4.1680e-01 4.9802e-01 3
3.6054e-01 4.9843e-01 3
4.3044e-01 5.3323e-01 3
4.1343e-01 5.1903e-01 3
3.5691e-01 4.9530e-01 3
4.6205e-01 5.0057e-01 3
3.8598e-01 4.7684e-01 3
4.1390e-01 5.1608e-01 3
3.9750e-01 5.2407e-01 3
3.9188e-01 5.1636e-01 3
3.8673e-01 4.9859e-01 3
3.7259e-01 5.1277e-01 3
4.5192e-01 4.8721e-01 3
4.2419e-01 5.3274e-01 3
4.2739e-01 4.8655e-01 3
4.1010e-01 5.1279e-01 3
3.9152e-01 4.8168e-01 3
4.4158e-01 4.9386e-01 3
3.8533e-01 5.0525e-01 3
4.0292e-01 5.1201e-01 3
5.6990e-01 2.1528e-01 4
6.0198e-01 2.2752e-01 4
5.9343e-01 2.4606e-01 4
6.3516e-01 2.1273e-01 4
6.1499e-01 1.8029e-01 4
5.9115e-01 2.2391e-01 4
6.0954e-01 2.0742e-01 4
5.7010e-01 2.3315e-01 4
5.3901e-01 1.7505e-01 4
5.9849e-01 2.0884e-01 4
5.9701e-01 2.0868e-01 4
6.1111e-01 2.0797e-01 4
5.8798e-01 2.0234e-01 4
6.2885e-01 2.0599e-01 4
6.0342e-01 2.2805e-01 4
5.6273e-01 1.8409e-01 4
5.9199e-01 2.2691e-01 4
6.0808e-01 1.9127e-01 4
6.5703e-01 2.3210e-01 4
6.1246e-01 2.0080e-01 4
5.7748e-01 2.1385e-01 4
6.3562e-01 2.4897e-01 4
6.0133e-01 1.9241e-01 4
5.9792e-01 1.6335e-01 4
6.5262e-01 1.7610e-01 4
6.0697e-01 2.0315e-01 4
6.0332e-01 2.1987e-01 4
5.6977e-01 2.1979e-01 4
6.2921e-01 2.2934e-01 4
5.7946e-01 1.8078e-01 4
5.9662e-01 1.7614e-01 4
5.8047e-01 2.3835e-01 4
6.1231e-01 1.9506e-01 4
6.2607e-01 1.8973e-01 4
5.9965e-01 2.2506e-01 4
5.6977e-01 2.4589e-01 4
6.1307e-01 2.2024e-01 4
5.8380e-01 1.9003e-01 4
6.1724e-01 2.2665e-01 4
5.7513e-01 2.0283e-01 4
6.2517e-01 1.7993e-01 4
6.2777e-01 1.9203e-01 4
6.0626e-01 1.8829e-01 4
6.1241e-01 1.9241e-01 4
5.9489e-01 1.9058e-01 4
6.4129e-01 1.9993e-01 4
6.4937e-01 2.2355e-01 4
5.6852e-01 1.9134e-01 4
5.9030e-01 2.0755e-01 4
5.6406e-01 1.7656e-01 4
6.3628e-01 1.6671e-01 4
5.5625e-01 2.1701e-01 4
5.7154e-01 1.8754e-01 4
6.2213e-01 1.3565e-01 4
6.1335e-01 1.9591e-01 4
5.9222e-01 1.7937e-01 4
5.9536e-01 2.0233e-01 4
6.1225e-01 1.9985e-01 4
5.5946e-01 2.1563e-01 4
5.7602e-01 2.1188e-01 4
5.7605e-01 2.0941e-01 4
5.6861e-01 1.8693e-01 4
6.1312e-01 1.7740e-01 4
6.2758e-01 1.7464e-01 4
6.1411e-01 2.1733e-01 4
6.0067e-01 1.9212e-01 4
5.7781e-01 1.7722e-01 4
5.8770e-01 2.1847e-01 4
5.7992e-01 2.1113e-01 4
6.0699e-01 1.6066e-01 4
5.9399e-01 1.8245e-01 4
5.6771e-01 2.2548e-01 4
5.9052e-01 2.0828e-01 4
6.0074e-01 2.4516e-01 4
5.9723e-01 1.6588e-01 4
6.0491e-01 1.9165e-01 4
5.8588e-01 1.8558e-01 4
6.0221e-01 2.0438e-01 4
5.4926e-01 1.9616e-01 4
5.6834e-01 1.8547e-01 4
6.2133e-01 1.6153e-01 4
5.8860e-01 1.8970e-01 4
6.0443e-01 2.1162e-01 4
5.8304e-01 2.0696e-01 4
6.2832e-01 2.1148e-01 4
5.8867e-01 2.0613e-01 4
6.0111e-01 2.0385e-01 4
5.3619e-01 2.3244e-01 4
5.9900e-01 1.9780e-01 4
6.0092e-01 2.1420e-01 4
6.2827e-01 2.1713e-01 4
5.8413e-01 2.0325e-01 4
5.6525e-01 1.8726e-01 4
5.8039e-01 1.9168e-01 4
5.9527e-01 2.1699e-01 4
5.8947e-01 1.9836e-01 4
5.7962e-01 2.0313e-01 4
6.3229e-01 1.6322e-01 4
6.1519e-01 1.7871e-01 4
5.7232e-01 2.4572e-01 4
6.0089e-01 1.6870e-01 4
6.3728e-01 2.0343e-01 4
6.1058e-01 2.2919e-01 4
6.0632e-01 1.9798e-01 4
5.8414e-01 2.1090e-01 4
6.2009e-01 1.6394e-01 4
5.6791e-01 2.6497e-01 4
6.2199e-01 2.3180e-01 4
5.9730e-01 1.7122e-01 4
6.2135e-01 1.9243e-01 4
6.1639e-01 2.2983e-01 4
5.9053e-01 1.6342e-01 4
5.7668e-01 2.2589e-01 4
5.9235e-01 1.8381e-01 4
5.7348e-01 1.9053e-01 4
6.0479e-01 1.9468e-01 4
5.8970e-01 2.0792e-01 4
6.2665e-01 1.7948e-01 4
5.6728e-01 1.9675e-01 4
5.5233e-01 2.3929e-01 4
5.8657e-01 1.5281e-01 4
5.8226e-01 2.1037e-01 4
5.8955e-01 2.2105e-01 4
5.9519e-01 2.0094e-01 4
6.0136e-01 1.5218e-01 4
6.2390e-01 2.1558e-01 4
6.0915e-01 2.4182e-01 4
5.9429e-01 2.0255e-01 4
5.6835e-01 1.9560e-01 4
6.3000e-01 1.7754e-01 4
6.1242e-01 2.2257e-01 4
5.8611e-01 2.1275e-01 4
6.0188e-01 2.1152e-01 4
5.9823e-01 2.1617e-01 4
5.6907e-01 2.0601e-01 4
5.5803e-01 1.7593e-01 4
5.6312e-01 2.1279e-01 4
5.8322e-01 2.1369e-01 4
5.7809e-01 1.7276e-01 4
6.0983e-01 1.9642e-01 4
6.4013e-01 1.4333e-01 4
6.0854e-01 2.0566e-01 4
5.9433e-01 2.0642e-01 4
5.9730e-01 1.6116e-01 4
5.8321e-01 2.2272e-01 4
5.9021e-01 1.8186e-01 4
5.8627e-01 2.0511e-01 4
6.4053e-01 1.9586e-01 4
5.3984e-01 1.8885e-01 4
6.0075e-01 1.8912e-01 4
6.3218e-01 1.9225e-01 4
5.9503e-01 1.8152e-01 4
6.1262e-01 2.0085e-01 4
5.5288e-01 1.9353e-01 4
6.0962e-01 1.9650e-01 4
6.1748e-01 2.4444e-01 4
5.8270e-01 2.0948e-01 4
6.2143e-01 2.3168e-01 4
6.3188e-01 2.2613e-01 4
6.1535e-01 2.1900e-01 4
6.1530e-01 2.0385e-01 4
6.1711e-01 2.4596e-01 4
5.8681e-01 2.0768e-01 4
6.3797e-01 2.1275e-01 4
6.1661e-01 1.8674e-01 4
6.1043e-01 2.1437e-01 4
6.1335e-01 2.0167e-01 4
5.9159e-01 1.8614e-01 4
5.7058e-01 2.1306e-01 4
5.9143e-01 2.1372e-01 4
5.7880e-01 2.1107e-01 4
5.8572e-01 1.6871e-01 4
6.2472e-01 1.8958e-01 4
5.7760e-01 1.4385e-01 4
6.0411e-01 2.2903e-01 4
6.0826e-01 1.8801e-01 4
5.6328e-01 1.9184e-01 4
5.7927e-01 1.9370e-01 4
6.0471e-01 1.7594e-01 4
6.3131e-01 1.8770e-01 4
5.9720e-01 2.2695e-01 4
6.1867e-01 1.6940e-01 4
5.5501e-01 1.7872e-01 4
5.8221e-01 1.7266e-01 4
6.1028e-01 1.7158e-01 4
6.2437e-01 1.3782e-01 4
5.9706e-01 1.9317e-01 4
6.0033e-01 1.8709e-01 4
6.1544e-01 2.1569e-01 4
6.5555e-01 2.0894e-01 4
6.2591e-01 2.3185e-01 4
6.1549e-01 2.4655e-01 4
5.9000e-01 2.0619e-01 4
6.3349e-01 2.1260e-01 4
5.8337e-01 1.5622e-01 4
6.2443e-01 1.4412e-01 4
5.8953e-01 2.3519e-01 4
6.1612e-01 1.3339e-01 4
5.8314e-01 2.0568e-01 4
6.5876e-01 2.1440e-01 4
5.7091e-01 1.9224e-01 4
6.2228e-01 1.6376e-01 4
6.1323e-01 1.8137e-01 4
6.0462e-01 1.9988e-01 4
6.0319e-01 1.7928e-01 4
6.3257e-01 2.1105e-01 4
5.6186e-01 1.9038e-01 4
5.8004e-01 2.0700e-01 4
5.8364e-01 1.9025e-01 4
5.7992e-01 1.7474e-01 4
5.8815e-01 1.5798e-01 4
5.6011e-01 1.8808e-01 4
5.9895e-01 2.1727e-01 4
5.6849e-01 1.9122e-01 4
5.8714e-01 2.0813e-01 4
5.6462e-01 2.0998e-01 4
6.0449e-01 1.8822e-01 4
5.9185e-01 2.3689e-01 4
5.9688e-01 1.9344e-01 4
6.1432e-01 2.0181e-01 4
6.2419e-01 1.7695e-01 4
6.0648e-01 1.3893e-01 4
6.4886e-01 1.8346e-01 4
6.0688e-01 2.2138e-01 4
5.7367e-01 2.2201e-01 4
5.7374e-01 1.5309e-01 4
5.8105e-01 1.9690e-01 4
5.9598e-01 1.9363e-01 4
6.1656e-01 2.0365e-01 4
5.9765e-01 1.8146e-01 4
5.9207e-01 1.9955e-01 4
5.8965e-01 2.1691e-01 4
5.9980e-01 1.9687e-01 4
6.1388e-01 2.4009e-01 4
6.1556e-01 1.8226e-01 4
6.0340e-01 1.6228e-01 4
6.0893e-01 2.0397e-01 4
5.9373e-01 2.0310e-01 4
6.2143e-01 1.9584e-01 4
6.2277e-01 1.7529e-01 4
5.8127e-01 1.9074e-01 4
5.9328e-01 2.1312e-01 4
5.9306e-01 2.0479e-01 4
5.8919e-01 1.5808e-01 4
5.5018e-01 2.1422e-01 4
5.6667e-01 1.9087e-01 4
5.8579e-01 1.9597e-01 4
5.5700e-01 2.2230e-01 4
5.9952e-01 1.8289e-01 4
6.0943e-01 1.7385e-01 4
7.5749e-01 5.0598e-01 5
8.2488e-01 4.9300e-01 5
7.7455e-01 5.0117e-01 5
8.2370e-01 5.0550e-01 5
7.6059e-01 4.8480e-01 5
7.8807e-01 4.9544e-01 5
7.9246e-01 4.7784e-01 5
8.1214e-01 5.0046e-01 5
7.8691e-01 4.9495e-01 5
8.3034e-01 5.1485e-01 5
7.9744e-01 5.4394e-01 5
8.2048e-01 5.0617e-01 5
8.3085e-01 5.0588e-01 5
8.1614e-01 5.0778e-01 5
7.9579e-01 5.0719e-01 5
8.0037e-01 5.1816e-01 5
8.0558e-01 5.0103e-01 5
7.7561e-01 5.1165e-01 5
7.9944e-01 4.5027e-01 5
8.2204e-01 5.1739e-01 5
7.9401e-01 4.9634e-01 5
7.7947e-01 4.8217e-01 5
7.7324e-01 4.9571e-01 5
8.1710e-01 5.2381e-01 5
8.0627e-01 4.7562e-01 5
8.0085e-01 4.8361e-01 5
7.9654e-01 4.8827e-01 5
7.4740e-01 4.8833e-01 5
7.5364e-01 5.1899e-01 5
7.8420e-01 5.1917e-01 5
8.2680e-01 5.1964e-01 5
8.1811e-01 4.6686e-01 5
7.9889e-01 5.1982e-01 5
7.8046e-01 4.6637e-01 5
7.8166e-01 5.0631e-01 5
7.9427e-01 5.1995e-01 5
8.1550e-01 5.1133e-01 5
7.5293e-01 4.7750e-01 5
7.8901e-01 4.7086e-01 5
7.7151e-01 4.8330e-01 5
8.0317e-01 4.8514e-01 5
8.0264e-01 5.0654e-01 5
8.0522e-01 4.9377e-01 5
7.8308e-01 5.1196e-01 5
8.1238e-01 5.0935e-01 5
8.0026e-01 4.6447e-01 5
7.8833e-01 4.9325e-01 5
8.2338e-01 4.9264e-01 5
8.2886e-01 4.9039e-01 5
7.9395e-01 5.0932e-01 5
7.9181e-01 4.9476e-01 5
7.9382e-01 5.2353e-01 5
8.0182e-01 5.0826e-01 5
7.7949e-01 4.9228e-01 5
8.1104e-01 4.9630e-01 5
8.1941e-01 5.2790e-01 5
8.0014e-01 4.6533e-01 5
7.7557e-01 5.0491e-01 5
8.0028e-01 5.2073e-01 5
7.8350e-01 5.1073e-01 5
8.0479e-01 5.0958e-01 5
8.0878e-01 5.2526e-01 5
8.0660e-01 5.1965e-01 5
8.2256e-01 5.0785e-01 5
7.6518e-01 4.8024e-01 5
7.8002e-01 5.1461e-01 5
8.0414e-01 5.0359e-01 5
7.9621e-01 4.8439e-01 5
8.0433e-01 4.8972e-01 5
8.3045e-01 4.9591e-01 5
7.9144e-01 4.7932e-01 5
8.0022e-01 5.3401e-01 5
8.3126e-01 4.9805e-01 5
8.0217e-01 5.5168e-01 5
8.2764e-01 5.0894e-01 5
7.8203e-01 5.7238e-01 5
7.9236e-01 4.7749e-01 5
8.3222e-01 5.3175e-01 5
7.7369e-01 4.5327e-01 5
8.2421e-01 4.7341e-01 5
7.9864e-01 5.2825e-01 5
8.1373e-01 5.0124e-01 5
8.0240e-01 4.8380e-01 5
8.0967e-01 5.2680e-01 5
8.2106e-01 5.2074e-01 5
8.3697e-01 4.6950e-01 5
7.7962e-01 5.4138e-01 5
7.9149e-01 4.8899e-01 5
7.9904e-01 5.5310e-01 5
7.9012e-01 4.9990e-01 5
8.2944e-01 5.1168e-01 5
7.9073e-01 4.6561e-01 5
8.0242e-01 4.8756e-01 5
8.3695e-01 4.6362e-01 5
7.9238e-01 5.0586e-01 5
7.3482e-01 4.8853e-01 5
7.8968e-01 5.0491e-01 5
7.8090e-01 5.2584e-01 5
8.1170e-01 4.9949e-01 5
7.8344e-01 4.7980e-01 5
7.7197e-01 5.1679e-01 5
8.3645e-01 5.2455e-01 5
7.7410e-01 5.0418e-01 5
8.1003e-01 5.2393e-01 5
7.7521e-01 5.1444e-01 5
7.7760e-01 5.0999e-01 5
7.9923e-01 4.7786e-01 5
7.7536e-01 4.7843e-01 5
7.7656e-01 5.1675e-01 5
7.8982e-01 5.1195e-01 5
7.8191e-01 5.0233e-01 5
8.1969e-01 4.8743e-01 5
8.0446e-01 4.8513e-01 5
8.0860e-01 5.0693e-01 5
7.9997e-01 4.6706e-01 5
7.7796e-01 5.1487e-01 5
8.5452e-01 4.8946e-01 5
8.4624e-01 4.8649e-01 5
7.7272e-01 4.8057e-01 5
7.7839e-01 4.8847e-01 5
8.0242e-01 4.9622e-01 5
8.2025e-01 5.2104e-01 5
8.3365e-01 4.8918e-01 5
8.0744e-01 5.3123e-01 5
8.9835e-01 5.0861e-01 5
8.2282e-01 4.9529e-01 5
8.1695e-01 4.8976e-01 5
7.4022e-01 5.0129e-01 5
8.4191e-01 4.6238e-01 5
7.9434e-01 5.0356e-01 5
7.5730e-01 4.9644e-01 5
7.6524e-01 5.1283e-01 5
8.0020e-01 5.0887e-01 5
7.4905e-01 4.8116e-01 5
8.0026e-01 5.1200e-01 5
7.9911e-01 5.1356e-01 5
7.8954e-01 5.3990e-01 5
7.5137e-01 5.0829e-01 5
8.2015e-01 4.5280e-01 5
8.0327e-01 4.9654e-01 5
8.1647e-01 4.5802e-01 5
7.8539e-01 5.1209e-01 5
8.2512e-01 5.5580e-01 5
7.7003e-01 4.9653e-01 5
7.8355e-01 4.9073e-01 5
7.7752e-01 4.9378e-01 5
7.7829e-01 5.1802e-01 5
7.6788e-01 5.0135e-01 5
7.8425e-01 4.8861e-01 5
8.0655e-01 4.9396e-01 5
8.1414e-01 5.2524e-01 5
7.9710e-01 5.0848e-01 5
7.6459e-01 5.4026e-01 5
7.8863e-01 4.7883e-01 5
7.7723e-01 5.2608e-01 5
7.7370e-01 4.4898e-01 5
7.9888e-01 4.9836e-01 5
7.7540e-01 5.0939e-01 5
7.9678e-01 5.1562e-01 5
7.6828e-01 5.2313e-01 5
8.2150e-01 5.1134e-01 5
8.0399e-01 5.1548e-01 5
8.2584e-01 4.7698e-01 5
8.1067e-01 5.1586e-01 5
8.0658e-01 4.9565e-01 5
7.8909e-01 5.1120e-01 5
8.2359e-01 5.1695e-01 5
8.1730e-01 5.1672e-01 5
7.9959e-01 5.1693e-01 5
7.9381e-01 5.0773e-01 5
8.3229e-01 4.8493e-01 5
8.2645e-01 4.9803e-01 5
7.7816e-01 4.9288e-01 5
8.0123e-01 4.8845e-01 5
7.6944e-01 5.0412e-01 5
8.3299e-01 5.2155e-01 5
7.6342e-01 4.9544e-01 5
8.0314e-01 4.9780e-01 5
7.8957e-01 4.9400e-01 5
7.9358e-01 5.3381e-01 5
7.7693e-01 4.9279e-01 5
7.8355e-01 4.9465e-01 5
8.2006e-01 4.6555e-01 5
8.1874e-01 5.5651e-01 5
8.0214e-01 5.3362e-01 5
7.9449e-01 4.8457e-01 5
7.9249e-01 4.8837e-01 5
7.6351e-01 4.6935e-01 5
8.0318e-01 5.1445e-01 5
8.0282e-01 5.0342e-01 5
8.4081e-01 4.8340e-01 5
7.8909e-01 5.1869e-01 5
7.9732e-01 5.0417e-01 5
7.9661e-01 5.4328e-01 5
7.9187e-01 4.7466e-01 5
8.5784e-01 4.8936e-01 5
7.7881e-01 5.1100e-01 5
8.4587e-01 4.8460e-01 5
8.2177e-01 5.2108e-01 5
8.0265e-01 5.0161e-01 5
7.9890e-01 4.9568e-01 5
7.9416e-01 5.2429e-01 5
7.7757e-01 4.8429e-01 5
7.5229e-01 5.1719e-01 5
8.0343e-01 5.2510e-01 5
7.7450e-01 4.7085e-01 5
8.2048e-01 5.1119e-01 5
8.2171e-01 4.8312e-01 5
7.8169e-01 4.8593e-01 5
7.8096e-01 5.4747e-01 5
7.9152e-01 4.8383e-01 5
8.0777e-01 5.0010e-01 5
7.8344e-01 5.2599e-01 5
8.0040e-01 5.1805e-01 5
7.9652e-01 4.8638e-01 5
8.5704e-01 4.7490e-01 5
7.9757e-01 4.5904e-01 5
8.0058e-01 5.2639e-01 5
7.6247e-01 4.9522e-01 5
8.3259e-01 5.0107e-01 5
8.3590e-01 5.1287e-01 5
8.0399e-01 4.8953e-01 5
8.2034e-01 4.8642e-01 5
8.2705e-01 4.9421e-01 5
8.2477e-01 5.4474e-01 5
7.8934e-01 4.7983e-01 5
7.9284e-01 5.1984e-01 5
7.7981e-01 5.2344e-01 5
7.8482e-01 5.6229e-01 5
7.6956e-01 5.2654e-01 5
7.9153e-01 5.2606e-01 5
7.8763e-01 5.1679e-01 5
8.0045e-01 4.8904e-01 5
7.4358e-01 4.8131e-01 5
8.1212e-01 5.2866e-01 5
8.2585e-01 4.7055e-01 5
7.6768e-01 4.9694e-01 5
8.4417e-01 5.3548e-01 5
7.7268e-01 5.1374e-01 5
7.9343e-01 4.7514e-01 5
8.1551e-01 5.2081e-01 5
7.9917e-01 4.6216e-01 5
8.2508e-01 5.1050e-01 5
7.5428e-01 4.9029e-01 5
8.1930e-01 5.1149e-01 5
8.1316e-01 5.2749e-01 5
7.9585e-01 5.1517e-01 5
7.7101e-01 4.7381e-01 5
8.1719e-01 4.6469e-01 5
8.2323e-01 5.4958e-01 5
