1.9520e-01 1.8621e-01 1
1.8894e-01 2.1565e-01 1
2.1007e-01 2.1983e-01 1
2.2753e-01 2.2214e-01 1
2.0102e-01 1.8837e-01 1
1.8923e-01 1.9507e-01 1
2.0529e-01 1.9807e-01 1
1.8720e-01 1.8899e-01 1
2.0686e-01 2.0576e-01 1
1.9635e-01 1.8284e-01 1
2.3531e-01 1.7772e-01 1
1.9733e-01 2.1317e-01 1
1.6361e-01 2.2113e-01 1
1.9074e-01 2.2797e-01 1
1.9975e-01 1.5020e-01 1
1.8148e-01 2.0390e-01 1
2.2485e-01 2.0757e-01 1
2.2836e-01 1.8544e-01 1
1.7843e-01 2.4109e-01 1
2.3331e-01 2.2075e-01 1
1.8444e-01 2.0314e-01 1
1.6355e-01 1.9263e-01 1
1.7219e-01 2.2322e-01 1
2.1103e-01 2.0004e-01 1
1.7918e-01 1.9370e-01 1
2.1002e-01 1.9995e-01 1
1.7843e-01 2.0119e-01 1
1.9116e-01 2.4878e-01 1
2.0495e-01 1.7389e-01 1
2.3447e-01 2.4060e-01 1
2.0728e-01 2.2540e-01 1
2.0126e-01 1.8055e-01 1
2.0622e-01 2.3665e-01 1
1.6826e-01 2.2047e-01 1
1.8530e-01 2.0440e-01 1
1.6609e-01 2.3210e-01 1
2.0618e-01 1.9731e-01 1
1.9597e-01 1.6936e-01 1
1.8637e-01 1.7822e-01 1
1.6699e-01 2.0999e-01 1
2.0947e-01 1.7657e-01 1
2.3853e-01 1.7800e-01 1
2.3850e-01 1.6962e-01 1
2.1746e-01 2.0260e-01 1
2.2784e-01 2.1811e-01 1
1.9045e-01 2.0272e-01 1
2.0018e-01 2.2822e-01 1
2.3303e-01 1.8961e-01 1
1.4431e-01 2.1125e-01 1
2.1511e-01 1.9867e-01 1
2.2632e-01 1.7488e-01 1
2.0216e-01 2.3360e-01 1
2.3284e-01 2.2373e-01 1
2.1026e-01 2.2890e-01 1
2.1307e-01 2.1375e-01 1
1.6906e-01 2.0299e-01 1
1.7080e-01 2.2627e-01 1
1.8972e-01 2.1160e-01 1
2.2767e-01 2.2475e-01 1
2.0805e-01 2.1555e-01 1
1.9310e-01 1.8328e-01 1
1.7558e-01 2.0430e-01 1
1.8342e-01 1.7603e-01 1
1.9178e-01 2.2646e-01 1
1.8555e-01 1.6990e-01 1
2.1999e-01 1.9413e-01 1
1.7328e-01 2.3080e-01 1
1.5547e-01 2.3379e-01 1
1.6251e-01 1.8333e-01 1
2.2131e-01 1.8941e-01 1
1.7498e-01 2.0501e-01 1
1.7577e-01 1.7830e-01 1
2.1175e-01 1.6093e-01 1
2.4257e-01 2.0064e-01 1
2.0603e-01 2.0290e-01 1
2.1734e-01 1.5498e-01 1
2.3699e-01 2.0487e-01 1
1.5914e-01 1.9244e-01 1
1.7492e-01 2.1494e-01 1
2.2383e-01 2.1849e-01 1
1.9531e-01 1.6866e-01 1
2.1970e-01 2.1053e-01 1
1.6748e-01 1.7821e-01 1
1.9696e-01 2.0842e-01 1
2.0330e-01 2.1756e-01 1
1.8871e-01 2.0926e-01 1
2.1281e-01 2.5416e-01 1
1.8652e-01 2.0052e-01 1
1.8104e-01 2.1875e-01 1
2.1075e-01 1.7941e-01 1
2.1838e-01 1.5229e-01 1
2.0027e-01 2.0152e-01 1
2.0393e-01 1.7363e-01 1
1.9467e-01 1.6962e-01 1
2.2885e-01 2.3409e-01 1
1.6698e-01 1.7473e-01 1
1.8762e-01 2.1214e-01 1
2.6782e-01 2.0755e-01 1
2.2855e-01 2.0008e-01 1
1.6946e-01 2.1307e-01 1
1.7094e-01 1.5741e-01 1
2.1088e-01 1.6942e-01 1
1.8694e-01 1.6422e-01 1
2.4261e-01 2.0248e-01 1
1.8464e-01 2.2884e-01 1
2.1691e-01 2.2936e-01 1
2.2016e-01 2.0528e-01 1
2.0052e-01 1.9178e-01 1
1.7258e-01 2.3766e-01 1
2.0283e-01 1.9957e-01 1
2.2777e-01 2.2637e-01 1
2.0973e-01 1.9060e-01 1
2.3811e-01 1.7542e-01 1
1.8953e-01 1.8794e-01 1
1.8211e-01 1.9311e-01 1
1.7934e-01 2.1337e-01 1
2.3480e-01 1.9389e-01 1
1.8170e-01 1.8265e-01 1
2.2991e-01 1.9605e-01 1
1.5948e-01 1.6450e-01 1
1.5612e-01 1.9678e-01 1
1.8793e-01 2.2169e-01 1
2.1086e-01 2.2067e-01 1
2.4804e-01 2.0065e-01 1
1.7224e-01 2.0029e-01 1
1.8627e-01 1.9764e-01 1
1.9812e-01 2.3466e-01 1
1.6168e-01 1.7062e-01 1
1.8012e-01 2.2660e-01 1
2.1018e-01 1.9400e-01 1
2.3758e-01 1.4687e-01 1
2.4535e-01 1.9680e-01 1
2.1715e-01 1.7366e-01 1
1.8681e-01 1.9343e-01 1
2.2075e-01 1.5930e-01 1
2.2151e-01 2.0304e-01 1
2.2496e-01 2.3178e-01 1
1.8406e-01 2.0705e-01 1
1.8869e-01 2.4987e-01 1
2.3808e-01 2.0007e-01 1
2.0933e-01 1.8270e-01 1
1.8218e-01 2.0483e-01 1
2.0769e-01 1.9456e-01 1
2.2438e-01 1.7240e-01 1
1.6220e-01 1.7320e-01 1
1.9860e-01 1.7418e-01 1
1.7301e-01 1.8158e-01 1
1.9524e-01 2.1018e-01 1
2.0373e-01 2.1920e-01 1
2.2360e-01 2.3709e-01 1
1.6540e-01 1.9805e-01 1
1.8191e-01 1.5887e-01 1
1.8569e-01 1.9184e-01 1
1.9430e-01 2.0861e-01 1
1.7615e-01 1.9716e-01 1
1.7918e-01 2.0288e-01 1
2.0463e-01 1.9586e-01 1
2.2281e-01 2.4388e-01 1
2.1745e-01 1.8186e-01 1
1.9889e-01 2.2297e-01 1
1.9014e-01 1.9953e-01 1
2.0892e-01 1.9647e-01 1
2.0267e-01 1.5742e-01 1
1.3088e-01 1.8658e-01 1
1.8006e-01 1.9332e-01 1
2.4770e-01 1.7889e-01 1
2.3960e-01 2.1256e-01 1
2.1541e-01 2.3255e-01 1
2.1878e-01 1.8589e-01 1
2.2745e-01 2.1647e-01 1
1.8019e-01 1.9467e-01 1
1.9032e-01 1.9629e-01 1
2.2262e-01 2.0330e-01 1
1.9337e-01 2.0696e-01 1
1.9959e-01 1.6898e-01 1
2.2418e-01 1.8890e-01 1
1.7946e-01 1.8318e-01 1
1.8339e-01 2.1985e-01 1
2.0722e-01 1.5501e-01 1
1.9313e-01 2.3205e-01 1
2.1515e-01 1.8703e-01 1
1.7770e-01 2.1178e-01 1
2.0223e-01 1.9044e-01 1
2.0540e-01 2.1642e-01 1
1.9617e-01 1.6469e-01 1
2.0112e-01 2.3443e-01 1
2.3989e-01 2.1390e-01 1
1.7351e-01 2.1186e-01 1
1.8654e-01 1.7159e-01 1
2.3547e-01 2.2030e-01 1
2.0353e-01 1.8468e-01 1
2.1399e-01 1.8929e-01 1
2.1344e-01 2.4038e-01 1
2.0673e-01 2.1021e-01 1
2.1762e-01 2.2284e-01 1
1.9511e-01 2.2908e-01 1
2.0943e-01 1.6131e-01 1
2.3430e-01 1.7906e-01 1
2.0031e-01 2.2338e-01 1
2.0895e-01 1.9712e-01 1
2.0205e-01 2.4009e-01 1
1.7609e-01 2.0468e-01 1
1.8287e-01 2.0312e-01 1
1.9727e-01 1.5778e-01 1
2.1580e-01 1.9374e-01 1
2.6584e-01 1.7712e-01 1
1.9247e-01 1.7456e-01 1
1.6530e-01 2.2218e-01 1
1.8970e-01 1.9600e-01 1
1.8361e-01 1.9668e-01 1
2.0151e-01 1.8875e-01 1
2.2678e-01 1.9558e-01 1
2.1178e-01 2.1137e-01 1
2.2024e-01 1.6576e-01 1
1.8620e-01 2.3690e-01 1
1.9875e-01 1.9337e-01 1
1.8617e-01 1.9132e-01 1
1.8534e-01 2.1075e-01 1
2.0033e-01 1.9268e-01 1
2.0990e-01 2.1760e-01 1
2.0806e-01 2.3236e-01 1
2.1374e-01 2.3379e-01 1
1.9480e-01 1.9624e-01 1
2.0405e-01 2.2031e-01 1
2.0731e-01 2.2176e-01 1
1.8378e-01 1.9072e-01 1
1.6846e-01 2.2836e-01 1
2.1455e-01 1.8526e-01 1
1.7853e-01 2.2832e-01 1
2.3611e-01 2.3060e-01 1
2.0073e-01 1.8129e-01 1
2.0723e-01 1.8044e-01 1
1.8261e-01 2.2641e-01 1
1.6884e-01 1.9835e-01 1
2.1671e-01 2.0583e-01 1
1.8414e-01 1.9005e-01 1
1.8967e-01 1.9381e-01 1
2.0700e-01 1.6328e-01 1
1.9685e-01 1.7019e-01 1
1.9310e-01 1.8908e-01 1
2.3273e-01 1.6590e-01 1
1.8500e-01 2.1108e-01 1
2.2635e-01 1.7334e-01 1
1.8745e-01 1.9372e-01 1
1.9055e-01 2.2322e-01 1
2.0593e-01 2.0321e-01 1
2.3141e-01 2.1639e-01 1
1.6191e-01 1.8081e-01 1
2.0235e-01 1.9823e-01 1
1.4825e-01 2.0930e-01 1
1.2058e-01 8.9020e-01 2
7.9214e-02 8.7824e-01 2
1.1452e-01 9.0148e-01 2
1.0555e-01 9.0091e-01 2
1.1663e-01 8.9007e-01 2
1.2126e-01 8.9652e-01 2
9.6994e-02 9.1622e-01 2
1.2881e-01 8.9311e-01 2
8.1997e-02 8.7655e-01 2
1.2099e-01 8.4582e-01 2
1.0908e-01 9.4386e-01 2
1.0060e-01 8.8309e-01 2
1.3484e-01 9.1190e-01 2
8.1650e-02 9.1934e-01 2
1.2476e-01 9.1557e-01 2
8.3378e-02 9.1074e-01 2
1.1111e-01 8.8054e-01 2
8.5594e-02 8.9054e-01 2
1.0500e-01 8.9603e-01 2
8.9826e-02 9.2885e-01 2
1.1373e-01 9.0137e-01 2
1.0649e-01 8.8610e-01 2
8.7542e-02 8.5685e-01 2
1.2328e-01 8.7905e-01 2
5.0580e-02 8.6531e-01 2
5.5305e-02 8.9213e-01 2
1.2194e-01 9.3358e-01 2
1.0033e-01 9.1654e-01 2
1.0469e-01 9.1621e-01 2
9.9240e-02 9.0073e-01 2
1.1879e-01 9.1106e-01 2
9.1563e-02 8.9895e-01 2
1.1080e-01 8.8746e-01 2
1.2967e-01 9.2369e-01 2
8.9011e-02 9.2523e-01 2
6.8089e-02 9.1361e-01 2
6.5877e-02 8.5430e-01 2
9.9076e-02 8.8212e-01 2
1.0979e-01 8.8173e-01 2
1.2178e-01 8.8857e-01 2
1.1025e-01 8.8527e-01 2
1.3037e-01 9.0533e-01 2
9.5851e-02 9.3013e-01 2
9.8327e-02 9.1493e-01 2
8.3064e-02 8.9651e-01 2
9.0010e-02 8.6515e-01 2
1.2240e-01 9.0394e-01 2
3.5301e-02 9.0392e-01 2
1.1051e-01 9.1275e-01 2
1.4296e-01 9.5405e-01 2
1.4007e-01 8.9479e-01 2
8.9763e-02 8.9691e-01 2
7.5678e-02 9.3092e-01 2
9.7449e-02 9.3307e-01 2
1.1750e-01 8.8355e-01 2
6.2157e-02 8.6067e-01 2
8.4022e-02 8.7863e-01 2
1.1417e-01 8.8406e-01 2
1.1560e-01 8.7827e-01 2
6.8470e-02 9.3897e-01 2
1.1234e-01 9.1853e-01 2
1.5377e-01 9.2123e-01 2
7.4907e-02 9.2112e-01 2
9.5169e-02 8.6591e-01 2
6.8693e-02 9.0322e-01 2
6.1144e-02 8.7909e-01 2
1.1700e-01 9.0518e-01 2
1.2206e-01 8.7560e-01 2
1.1775e-01 8.9942e-01 2
9.0313e-02 9.1842e-01 2
1.2921e-01 8.9737e-01 2
1.0269e-01 8.9141e-01 2
1.3308e-01 9.0765e-01 2
8.5972e-02 9.0809e-01 2
1.0802e-01 8.7935e-01 2
8.0491e-02 9.1878e-01 2
1.0387e-01 8.9135e-01 2
7.8290e-02 9.2237e-01 2
8.8042e-02 8.6477e-01 2
1.0794e-01 9.0339e-01 2
8.0331e-02 9.2610e-01 2
1.0041e-01 8.8427e-01 2
1.0240e-01 9.1736e-01 2
1.2628e-01 9.2560e-01 2
1.5181e-01 8.6325e-01 2
8.8732e-02 9.1612e-01 2
9.8430e-02 9.0680e-01 2
1.3253e-01 8.7604e-01 2
1.0759e-01 8.7931e-01 2
1.0055e-01 8.7276e-01 2
9.0750e-02 9.0310e-01 2
8.1954e-02 9.5873e-01 2
1.2381e-01 8.8924e-01 2
5.3627e-02 9.1980e-01 2
7.7390e-02 9.1042e-01 2
9.0095e-02 9.0515e-01 2
5.9836e-02 8.7755e-01 2
1.2024e-01 8.8441e-01 2
8.8659e-02 8.8291e-01 2
6.2277e-02 9.1120e-01 2
9.5707e-02 8.6186e-01 2
7.6111e-02 8.8914e-01 2
1.1228e-01 9.1753e-01 2
1.0610e-01 9.1358e-01 2
8.5157e-02 9.1855e-01 2
1.0668e-01 9.1871e-01 2
8.2552e-02 9.1553e-01 2
9.9741e-02 9.3475e-01 2
1.0700e-01 8.6992e-01 2
1.5262e-01 9.4554e-01 2
1.2335e-01 9.1074e-01 2
9.0035e-02 9.2057e-01 2
6.3209e-02 9.1859e-01 2
9.8641e-02 8.9161e-01 2
7.9000e-02 9.3787e-01 2
8.7880e-02 8.6186e-01 2
1.2063e-01 9.1083e-01 2
1.1076e-01 8.8359e-01 2
8.8019e-02 8.9497e-01 2
1.0923e-01 9.0808e-01 2
6.4608e-02 8.7116e-01 2
1.1257e-01 8.7993e-01 2
6.7918e-02 8.5380e-01 2
1.3687e-01 9.1023e-01 2
8.1807e-02 9.0797e-01 2
7.5208e-02 9.0982e-01 2
1.3627e-01 9.1125e-01 2
9.3018e-02 8.8686e-01 2
1.4529e-01 8.8377e-01 2
7.4650e-02 9.0269e-01 2
8.9640e-02 8.9231e-01 2
1.3361e-01 9.2501e-01 2
1.1088e-01 8.9480e-01 2
1.0712e-01 8.9332e-01 2
1.3965e-01 9.1717e-01 2
9.1450e-02 9.3114e-01 2
7.8512e-02 8.9036e-01 2
7.3382e-02 8.9137e-01 2
6.1582e-02 9.1473e-01 2
1.0110e-01 9.1052e-01 2
1.0133e-01 9.0869e-01 2
7.2128e-02 9.2800e-01 2
1.2654e-01 9.2546e-01 2
9.3009e-02 8.8909e-01 2
7.0586e-02 8.9912e-01 2
7.6938e-02 9.2039e-01 2
1.0985e-01 9.3102e-01 2
9.5954e-02 9.2227e-01 2
9.8000e-02 9.3867e-01 2
1.2216e-01 9.0316e-01 2
1.1260e-01 9.3449e-01 2
1.1995e-01 9.4363e-01 2
9.2510e-02 8.8699e-01 2
8.4611e-02 8.9501e-01 2
1.0021e-01 9.3282e-01 2
8.6381e-02 9.0582e-01 2
8.0286e-02 8.7126e-01 2
1.2333e-01 8.8778e-01 2
1.1689e-01 8.7094e-01 2
1.2328e-01 8.8424e-01 2
1.0135e-01 9.0835e-01 2
9.5746e-02 8.9910e-01 2
1.2316e-01 8.2612e-01 2
7.6246e-02 9.0230e-01 2
9.1746e-02 9.1400e-01 2
8.8222e-02 9.1039e-01 2
1.1926e-01 8.8071e-01 2
1.1683e-01 8.9716e-01 2
8.9571e-02 9.1618e-01 2
1.0975e-01 8.9353e-01 2
6.9596e-02 9.1303e-01 2
1.0477e-01 8.6279e-01 2
5.8354e-02 8.9701e-01 2
5.3967e-02 9.0371e-01 2
1.3138e-01 8.9491e-01 2
1.0774e-01 9.1387e-01 2
1.0640e-01 8.9851e-01 2
9.8187e-02 9.5994e-01 2
7.7183e-02 8.6888e-01 2
1.2113e-01 8.8395e-01 2
1.0733e-01 9.1595e-01 2
6.3215e-02 9.1704e-01 2
1.0510e-01 8.9616e-01 2
7.8210e-02 8.7903e-01 2
7.8747e-02 9.3575e-01 2
1.0223e-01 8.6193e-01 2
1.1625e-01 9.1524e-01 2
1.1458e-01 8.7326e-01 2
9.6520e-02 9.1897e-01 2
9.3019e-02 8.9396e-01 2
9.9793e-02 9.1236e-01 2
1.1075e-01 9.1935e-01 2
9.3263e-02 9.0205e-01 2
9.9255e-02 9.4011e-01 2
1.1944e-01 8.8806e-01 2
7.8419e-02 8.7253e-01 2
8.4763e-02 9.3013e-01 2
6.0126e-02 8.8315e-01 2
5.7377e-02 8.8535e-01 2
8.0200e-02 8.6881e-01 2
1.2200e-01 9.1716e-01 2
8.2563e-02 8.5626e-01 2
1.1627e-01 8.8770e-01 2
5.7502e-02 9.0793e-01 2
1.2049e-01 8.7262e-01 2
8.5793e-02 9.1560e-01 2
8.9732e-02 9.3039e-01 2
1.1184e-01 8.6319e-01 2
8.0542e-02 9.3435e-01 2
9.5455e-02 8.9430e-01 2
9.2911e-02 8.9414e-01 2
9.1502e-02 9.1406e-01 2
8.1349e-02 8.8570e-01 2
8.1707e-02 8.9818e-01 2
7.8419e-02 8.9359e-01 2
9.3347e-02 8.7904e-01 2
1.2299e-01 8.7980e-01 2
6.8332e-02 8.9850e-01 2
8.9324e-02 9.2338e-01 2
7.0572e-02 9.1400e-01 2
7.1936e-02 8.8991e-01 2
1.2640e-01 9.2168e-01 2
1.5084e-01 8.9515e-01 2
1.2448e-01 9.0086e-01 2
9.3645e-02 9.0772e-01 2
1.0801e-01 9.0287e-01 2
8.6805e-02 9.0972e-01 2
9.3148e-02 8.8523e-01 2
1.0892e-01 8.9148e-01 2
1.1005e-01 9.0150e-01 2
1.0098e-01 8.8128e-01 2
1.2966e-01 8.5865e-01 2
1.0983e-01 8.8452e-01 2
8.4961e-02 8.8265e-01 2
9.0397e-02 8.9926e-01 2
1.0061e-01 8.9739e-01 2
1.3117e-01 9.1867e-01 2
8.0314e-02 8.9816e-01 2
9.0856e-02 8.5802e-01 2
8.7928e-02 9.1803e-01 2
7.3072e-02 9.1235e-01 2
1.3091e-01 8.7827e-01 2
9.7093e-02 9.0545e-01 2
1.1775e-01 8.8676e-01 2
9.8676e-02 8.7271e-01 2
1.1755e-01 9.1463e-01 2
8.9887e-02 8.7799e-01 2
1.0702e-01 9.0050e-01 2
1.6610e-01 8.5570e-01 2
1.3856e-01 9.0939e-01 2
3.7911e-01 5.0937e-01 3
4.2241e-01 5.4669e-01 3
3.9731e-01 5.0895e-01 3
3.6851e-01 4.9351e-01 3
3.9881e-01 4.9945e-01 3
3.8511e-01 5.1472e-01 3
4.0279e-01 5.1003e-01 3
3.9627e-01 4.8945e-01 3
4.2763e-01 4.9158e-01 3
4.3309e-01 4.5040e-01 3
4.2045e-01 4.7852e-01 3
3.6570e-01 4.8448e-01 3
3.8990e-01 4.9480e-01 3
4.4076e-01 5.2278e-01 3
4.1099e-01 4.7791e-01 3
4.0924e-01 4.9725e-01 3
3.8467e-01 4.7637e-01 3
4.2423e-01 4.8297e-01 3
4.1196e-01 4.9348e-01 3
3.6284e-01 4.4036e-01 3
3.7219e-01 5.1747e-01 3
4.0543e-01 4.8650e-01 3
4.2966e-01 4.8852e-01 3
4.0442e-01 5.0092e-01 3
4.3782e-01 5.2346e-01 3
4.0152e-01 4.4838e-01 3
4.3774e-01 4.8000e-01 3
4.2890e-01 4.7773e-01 3
3.8676e-01 4.8046e-01 3
3.6637e-01 5.0592e-01 3
4.0584e-01 4.8993e-01 3
4.1808e-01 5.2597e-01 3
4.1390e-01 4.9785e-01 3
4.0091e-01 4.8790e-01 3
3.9009e-01 5.0364e-01 3
4.4305e-01 5.0111e-01 3
4.1886e-01 4.9179e-01 3
4.0144e-01 4.9079e-01 3
3.8227e-01 4.6918e-01 3
4.3007e-01 4.7763e-01 3
3.7498e-01 5.0409e-01 3
4.0838e-01 4.7721e-01 3
3.7898e-01 5.3883e-01 3
4.0463e-01 5.0889e-01 3
3.8683e-01 5.0502e-01 3
4.2787e-01 5.1381e-01 3
3.6975e-01 4.8172e-01 3
3.9536e-01 4.9854e-01 3
4.0618e-01 5.1349e-01 3
3.6976e-01 5.0328e-01 3
3.7005e-01 5.1275e-01 3
3.9753e-01 4.3756e-01 3
3.8127e-01 5.0649e-01 3
3.6931e-01 4.9376e-01 3
4.2351e-01 5.3587e-01 3
4.0377e-01 4.9023e-01 3
3.7894e-01 4.8864e-01 3
4.2264e-01 5.4602e-01 3
3.6066e-01 5.1429e-01 3
4.1474e-01 5.0909e-01 3
4.1641e-01 5.2124e-01 3
4.2221e-01 4.8922e-01 3
3.8060e-01 5.0063e-01 3
4.2854e-01 4.8344e-01 3
4.0702e-01 5.3013e-01 3
4.0363e-01 5.4068e-01 3
4.1448e-01 4.9428e-01 3
4.2850e-01 5.3162e-01 3
4.2343e-01 4.5917e-01 3
3.8361e-01 5.3376e-01 3
4.0570e-01 4.7153e-01 3
3.9135e-01 4.9784e-01 3
4.1272e-01 4.7582e-01 3
4.1061e-01 4.8379e-01 3
4.2181e-01 4.8131e-01 3
3.9809e-01 4.9556e-01 3
4.0208e-01 4.8320e-01 3
4.0554e-01 5.1986e-01 3
3.9502e-01 5.1234e-01 3
3.7840e-01 5.0254e-01 3
3.7654e-01 4.8609e-01 3
3.9822e-01 4.8478e-01 3
4.1328e-01 4.8278e-01 3
3.8411e-01 4.8686e-01 3
4.0161e-01 5.0262e-01 3
3.8257e-01 5.1498e-01 3
3.9195e-01 4.8814e-01 3
4.1741e-01 4.7925e-01 3
4.0507e-01 5.0171e-01 3
3.9103e-01 5.1752e-01 3
3.7936e-01 4.8753e-01 3
3.9111e-01 4.7771e-01 3
4.1512e-01 5.0055e-01 3
4.1027e-01 4.8811e-01 3
3.5471e-01 4.8687e-01 3
4.0643e-01 4.7632e-01 3
3.6955e-01 5.1558e-01 3
4.4197e-01 4.9807e-01 3
4.0458e-01 4.8337e-01 3
4.4564e-01 5.2424e-01 3
4.1439e-01 4.9568e-01 3
4.1350e-01 5.3734e-01 3
4.0719e-01 5.2516e-01 3
4.3504e-01 5.0631e-01 3
4.5858e-01 5.1132e-01 3
3.9681e-01 4.6583e-01 3
3.8855e-01 4.9043e-01 3
4.3437e-01 4.6386e-01 3
3.9490e-01 4.9133e-01 3
3.9550e-01 4.9597e-01 3
3.9718e-01 4.9479e-01 3
3.6880e-01 4.9607e-01 3
3.8652e-01 5.2537e-01 3
3.8750e-01 4.8772e-01 3
4.0220e-01 4.7598e-01 3
4.0885e-01 5.0148e-01 3
3.8213e-01 5.1901e-01 3
4.0584e-01 4.8092e-01 3
4.4609e-01 4.9211e-01 3
3.8457e-01 5.0706e-01 3
4.0592e-01 5.3345e-01 3
4.0729e-01 5.2750e-01 3
4.0756e-01 5.2436e-01 3
4.3662e-01 4.9492e-01 3
4.1305e-01 4.9803e-01 3
4.1365e-01 4.8633e-01 3
4.1132e-01 5.4746e-01 3
4.1802e-01 5.4635e-01 3
3.9196e-01 4.9495e-01 3
3.8889e-01 5.1225e-01 3
4.3872e-01 4.8133e-01 3
3.7773e-01 4.8174e-01 3
3.8162e-01 5.1378e-01 3
4.0189e-01 5.5144e-01 3
3.9994e-01 5.0530e-01 3
3.7576e-01 5.0477e-01 3
4.0823e-01 4.9542e-01 3
4.0169e-01 4.7183e-01 3
3.9668e-01 5.1172e-01 3
4.1742e-01 5.0044e-01 3
3.5933e-01 5.2482e-01 3
3.8983e-01 5.2108e-01 3
3.8712e-01 5.2302e-01 3
3.9083e-01 4.9744e-01 3
3.9695e-01 4.9288e-01 3
3.9819e-01 4.8045e-01 3
4.0434e-01 4.6127e-01 3
4.1798e-01 5.0324e-01 3
3.5954e-01 5.2812e-01 3
4.0275e-01 5.1473e-01 3
3.8844e-01 4.7045e-01 3
4.2662e-01 4.8504e-01 3
4.2472e-01 4.7453e-01 3
4.1423e-01 4.8056e-01 3
4.4661e-01 5.0128e-01 3
3.6322e-01 5.0966e-01 3
4.3017e-01 4.8923e-01 3
3.7461e-01 4.9275e-01 3
3.9567e-01 5.0564e-01 3
4.3336e-01 5.0977e-01 3
3.6934e-01 5.0506e-01 3
3.7826e-01 5.1158e-01 3
3.7153e-01 5.3616e-01 3
4.2333e-01 4.9896e-01 3
4.1471e-01 5.0585e-01 3
4.4040e-01 4.7643e-01 3
4.0878e-01 4.9284e-01 3
4.1772e-01 5.6486e-01 3
3.6857e-01 4.9439e-01 3
4.4849e-01 4.8881e-01 3
3.9054e-01 4.9412e-01 3
4.0150e-01 4.9801e-01 3
4.5922e-01 5.1327e-01 3
3.7862e-01 5.1099e-01 3
3.8517e-01 4.8825e-01 3
4.5176e-01 4.8602e-01 3
3.8223e-01 5.3148e-01 3
4.0622e-01 4.9554e-01 3
3.9707e-01 4.8390e-01 3
3.8710e-01 4.7239e-01 3
3.9561e-01 4.9531e-01 3
4.0188e-01 5.2933e-01 3
4.3480e-01 5.3993e-01 3
4.1978e-01 4.8629e-01 3
4.1642e-01 4.7523e-01 3
4.1011e-01 5.1852e-01 3
3.8069e-01 4.5350e-01 3
4.0634e-01 5.1185e-01 3
4.1150e-01 5.1282e-01 3
3.6412e-01 4.7234e-01 3
3.6692e-01 5.2559e-01 3
4.0410e-01 5.1360e-01 3
3.9854e-01 4.8147e-01 3
4.2263e-01 5.5310e-01 3
3.9427e-01 5.2379e-01 3
4.2733e-01 4.9901e-01 3
3.6930e-01 5.1624e-01 3
4.2359e-01 5.4023e-01 3
4.1287e-01 5.2613e-01 3
3.6283e-01 4.8851e-01 3
4.3168e-01 5.2198e-01 3
3.9787e-01 5.2241e-01 3
3.9516e-01 5.0818e-01 3
3.8619e-01 4.9799e-01 3
4.0766e-01 4.9889e-01 3
3.7525e-01 5.0865e-01 3
3.8597e-01 5.4113e-01 3
4.0159e-01 5.4138e-01 3
3.9932e-01 4.5134e-01 3
4.2251e-01 4.8360e-01 3
3.8424e-01 4.8711e-01 3
4.0982e-01 5.1439e-01 3
4.5373e-01 4.7774e-01 3
4.0505e-01 5.0187e-01 3
3.8149e-01 5.0288e-01 3
4.2514e-01 5.3009e-01 3
4.1090e-01 5.3509e-01 3
3.9981e-01 5.1739e-01 3
3.8743e-01 4.6465e-01 3
3.9250e-01 4.9740e-01 3
4.4046e-01 4.8772e-01 3
3.8328e-01 5.0697e-01 3
3.6617e-01 5.1875e-01 3
4.3128e-01 4.8695e-01 3
3.7196e-01 5.3558e-01 3
3.9196e-01 4.6578e-01 3
4.3139e-01 5.1255e-01 3
3.8406e-01 4.9059e-01 3
4.2189e-01 5.3208e-01 3
3.7549e-01 5.1326e-01 3
4.2131e-01 4.5464e-01 3
4.3891e-01 5.0778e-01 3
3.7367e-01 5.3441e-01 3
4.2259e-01 5.2616e-01 3
4.3298e-01 4.9781e-01 3
4.1322e-01 4.8634e-01 3
4.0608e-01 5.2422e-01 3
3.6246e-01 5.1897e-01 3
3.8076e-01 4.7693e-01 3
3.9915e-01 5.0766e-01 3
3.6688e-01 4.8044e-01 3
3.9913e-01 4.8187e-01 3
4.0699e-01 5.4672e-01 3
3.8540e-01 4.9228e-01 3
4.2351e-01 5.2818e-01 3
4.4171e-01 5.2006e-01 3
4.1610e-01 4.9488e-01 3
4.2841e-01 5.2212e-01 3
4.3003e-01 4.6530e-01 3
4.1230e-01 5.3769e-01 3
5.5800e-01 1.9067e-01 4
6.3400e-01 2.0783e-01 4
6.2125e-01 2.0775e-01 4
6.1076e-01 2.0725e-01 4
5.6012e-01 1.9762e-01 4
5.7568e-01 1.5642e-01 4
5.5975e-01 2.0634e-01 4
6.0296e-01 2.0056e-01 4
5.9798e-01 1.8700e-01 4
6.1095e-01 2.2521e-01 4
5.7937e-01 1.9397e-01 4
5.6218e-01 1.9489e-01 4
5.8374e-01 2.0045e-01 4
5.7250e-01 2.2651e-01 4
6.0038e-01 2.2600e-01 4
5.7808e-01 1.9576e-01 4
6.0572e-01 2.0965e-01 4
6.0645e-01 2.2561e-01 4
6.0273e-01 1.8381e-01 4
5.9920e-01 1.9188e-01 4
6.0073e-01 1.9787e-01 4
6.1090e-01 2.5105e-01 4
5.7714e-01 2.1197e-01 4
6.1456e-01 2.1650e-01 4
6.2136e-01 1.6451e-01 4
6.2032e-01 1.4503e-01 4
6.2955e-01 1.7519e-01 4
5.8583e-01 1.8529e-01 4
6.0706e-01 2.2017e-01 4
6.1428e-01 2.2099e-01 4
5.9052e-01 1.7439e-01 4
5.9688e-01 2.0706e-01 4
6.1179e-01 1.9752e-01 4
6.2180e-01 1.8273e-01 4
5.6934e-01 1.8770e-01 4
5.8634e-01 1.6746e-01 4
6.0317e-01 2.2041e-01 4
5.8018e-01 1.7512e-01 4
5.6231e-01 1.8706e-01 4
6.2845e-01 2.1834e-01 4
6.0896e-01 1.8166e-01 4
5.6118e-01 1.8496e-01 4
5.8175e-01 2.0988e-01 4
6.0702e-01 1.9419e-01 4
5.8484e-01 2.0091e-01 4
6.0011e-01 1.5733e-01 4
6.2073e-01 1.7628e-01 4
6.2096e-01 1.6828e-01 4
5.7768e-01 1.7117e-01 4
6.0333e-01 1.8134e-01 4
5.6050e-01 1.8382e-01 4
5.8834e-01 2.0096e-01 4
6.2793e-01 2.0906e-01 4
6.0376e-01 2.2048e-01 4
6.2437e-01 1.7566e-01 4
6.2716e-01 1.9763e-01 4
5.7613e-01 2.1650e-01 4
6.0719e-01 2.1409e-01 4
5.6853e-01 1.6244e-01 4
6.1069e-01 1.9888e-01 4
6.3407e-01 2.0819e-01 4
5.9300e-01 2.0648e-01 4
5.6417e-01 2.0455e-01 4
6.1005e-01 1.8912e-01 4
6.0814e-01 1.6135e-01 4
6.1420e-01 1.8153e-01 4
6.4006e-01 1.9444e-01 4
5.9917e-01 1.5980e-01 4
5.9466e-01 2.0487e-01 4
5.9963e-01 1.9344e-01 4
5.9910e-01 2.0306e-01 4
5.9317e-01 1.9957e-01 4
6.2482e-01 1.8311e-01 4
5.8761e-01 1.7002e-01 4
5.8702e-01 1.7532e-01 4
6.1063e-01 1.8255e-01 4
6.2365e-01 1.6911e-01 4
6.0373e-01 1.8918e-01 4
5.7507e-01 1.9767e-01 4
6.0655e-01 1.8191e-01 4
5.7938e-01 2.0605e-01 4
6.0264e-01 2.5551e-01 4
5.6648e-01 2.2573e-01 4
5.8839e-01 2.4257e-01 4
5.8826e-01 2.0236e-01 4
5.4172e-01 2.0920e-01 4
6.0189e-01 2.1456e-01 4
5.8889e-01 2.3362e-01 4
5.9393e-01 2.0043e-01 4
5.9540e-01 2.0138e-01 4
6.0196e-01 1.8787e-01 4
5.9932e-01 2.0694e-01 4
5.9847e-01 2.4361e-01 4
6.0372e-01 2.1696e-01 4
6.1817e-01 1.7303e-01 4
6.0227e-01 2.2477e-01 4
5.6023e-01 2.3730e-01 4
5.6669e-01 2.0735e-01 4
6.2947e-01 1.8896e-01 4
5.8203e-01 1.7994e-01 4
6.0382e-01 2.0772e-01 4
5.5852e-01 2.0217e-01 4
5.8955e-01 2.3050e-01 4
5.6892e-01 2.1659e-01 4
5.9267e-01 2.2994e-01 4
6.1268e-01 2.0730e-01 4
6.0204e-01 2.2775e-01 4
6.0052e-01 2.3371e-01 4
6.2704e-01 1.7063e-01 4
5.5795e-01 1.8254e-01 4
6.1446e-01 1.8856e-01 4
5.7155e-01 2.1328e-01 4
5.9501e-01 1.7824e-01 4
5.9262e-01 1.8469e-01 4
5.7670e-01 2.2773e-01 4
5.3685e-01 1.6662e-01 4
6.3309e-01 1.9008e-01 4
6.3233e-01 2.0542e-01 4
5.7574e-01 2.2216e-01 4
5.9051e-01 1.8601e-01 4
5.9010e-01 1.7363e-01 4
5.5709e-01 2.1979e-01 4
6.1288e-01 2.1812e-01 4
6.0557e-01 2.1445e-01 4
6.3856e-01 1.6924e-01 4
5.7670e-01 1.9398e-01 4
6.1278e-01 2.0531e-01 4
6.0493e-01 1.3729e-01 4
5.8961e-01 2.0771e-01 4
6.0210e-01 1.9093e-01 4
5.9627e-01 1.7912e-01 4
5.8259e-01 1.7249e-01 4
5.9357e-01 2.2972e-01 4
6.0749e-01 1.9099e-01 4
6.0943e-01 1.7109e-01 4
6.3215e-01 1.8143e-01 4
6.1275e-01 1.9107e-01 4
5.8859e-01 1.8610e-01 4
6.2336e-01 1.6052e-01 4
5.7458e-01 2.0219e-01 4
6.0487e-01 1.8564e-01 4
5.9769e-01 1.8220e-01 4
6.0747e-01 2.1541e-01 4
6.0438e-01 1.7633e-01 4
6.0047e-01 1.6941e-01 4
5.4830e-01 1.6498e-01 4
5.9390e-01 1.8387e-01 4
5.5967e-01 1.9087e-01 4
5.9307e-01 1.8821e-01 4
5.8705e-01 1.8376e-01 4
6.0442e-01 1.7353e-01 4
5.9238e-01 1.9431e-01 4
6.2771e-01 2.1270e-01 4
5.9729e-01 2.1326e-01 4
6.0606e-01 2.5039e-01 4
5.9627e-01 2.2681e-01 4
5.7451e-01 2.0437e-01 4
5.7912e-01 2.2825e-01 4
5.8993e-01 1.8818e-01 4
6.0247e-01 1.9694e-01 4
5.5663e-01 2.1549e-01 4
6.0603e-01 2.2803e-01 4
6.3198e-01 1.8803e-01 4
6.3436e-01 1.8773e-01 4
6.0888e-01 2.0826e-01 4
5.9753e-01 1.9055e-01 4
5.7901e-01 2.3803e-01 4
5.9391e-01 1.8020e-01 4
5.9891e-01 2.0464e-01 4
5.6887e-01 1.8960e-01 4
5.6350e-01 2.0791e-01 4
6.2000e-01 1.8596e-01 4
6.4615e-01 2.0668e-01 4
6.0299e-01 2.5143e-01 4
5.8710e-01 1.7816e-01 4
6.2606e-01 1.8580e-01 4
5.7804e-01 1.3378e-01 4
5.7833e-01 1.7809e-01 4
6.4818e-01 2.2577e-01 4
5.8693e-01 2.2767e-01 4
5.7249e-01 1.9602e-01 4
5.8922e-01 1.8688e-01 4
6.1955e-01 1.8627e-01 4
5.6757e-01 2.2658e-01 4
5.7379e-01 2.2139e-01 4
5.9393e-01 1.8116e-01 4
5.6532e-01 2.0627e-01 4
5.5582e-01 1.9169e-01 4
6.2229e-01 2.1327e-01 4
5.5240e-01 1.8237e-01 4
6.0219e-01 2.1325e-01 4
5.8196e-01 2.3073e-01 4
6.0865e-01 1.9342e-01 4
6.2770e-01 1.9913e-01 4
5.7092e-01 2.1273e-01 4
6.3374e-01 1.5711e-01 4
6.1924e-01 1.6686e-01 4
5.7440e-01 1.8260e-01 4
5.7376e-01 1.9689e-01 4
6.0644e-01 1.8892e-01 4
6.0236e-01 1.9748e-01 4
5.5452e-01 2.3250e-01 4
6.1566e-01 2.1558e-01 4
5.7905e-01 1.6505e-01 4
6.3284e-01 1.8661e-01 4
5.9399e-01 1.8882e-01 4
5.9282e-01 2.0238e-01 4
5.8568e-01 1.8944e-01 4
5.4895e-01 2.0040e-01 4
6.1613e-01 1.8046e-01 4
6.0995e-01 1.7692e-01 4
6.1760e-01 1.7143e-01 4
5.8359e-01 2.4238e-01 4
5.8079e-01 1.8895e-01 4
5.8347e-01 2.0968e-01 4
6.0537e-01 2.0979e-01 4
6.2699e-01 2.2134e-01 4
5.7000e-01 2.1097e-01 4
6.0642e-01 1.7426e-01 4
5.9101e-01 2.0067e-01 4
5.8012e-01 1.9891e-01 4
6.6159e-01 1.5877e-01 4
5.9343e-01 2.2058e-01 4
6.0524e-01 1.8091e-01 4
6.2580e-01 1.8136e-01 4
5.8791e-01 2.2949e-01 4
5.9716e-01 2.2304e-01 4
5.8154e-01 1.7907e-01 4
5.2253e-01 2.1797e-01 4
5.8963e-01 1.8699e-01 4
5.8594e-01 2.1606e-01 4
6.0210e-01 2.3534e-01 4
6.0669e-01 2.3363e-01 4
6.2159e-01 1.7131e-01 4
5.7132e-01 1.8676e-01 4
5.8104e-01 1.8062e-01 4
6.1328e-01 2.2318e-01 4
5.7720e-01 1.8491e-01 4
6.1456e-01 1.7564e-01 4
6.1945e-01 2.1356e-01 4
6.2484e-01 2.0768e-01 4
5.9261e-01 2.2429e-01 4
6.1525e-01 2.1537e-01 4
5.9069e-01 1.7291e-01 4
5.6556e-01 1.6830e-01 4
5.8234e-01 2.1635e-01 4
6.1706e-01 2.1683e-01 4
5.9481e-01 1.8723e-01 4
6.1895e-01 2.1746e-01 4
6.1031e-01 1.9763e-01 4
7.9842e-01 4.8400e-01 5
8.8259e-01 4.5600e-01 5
7.7136e-01 5.3789e-01 5
8.2440e-01 5.0818e-01 5
7.8515e-01 4.7315e-01 5
8.0152e-01 5.2318e-01 5
7.5447e-01 4.7308e-01 5
8.0577e-01 5.1167e-01 5
7.6713e-01 4.9441e-01 5
7.8052e-01 5.0465e-01 5
7.7294e-01 4.9964e-01 5
7.7796e-01 4.8196e-01 5
8.3395e-01 5.0066e-01 5
8.1447e-01 4.9683e-01 5
7.9536e-01 5.1519e-01 5
8.2777e-01 4.8687e-01 5
7.5000e-01 4.5892e-01 5
7.9198e-01 4.8453e-01 5
8.1112e-01 4.6903e-01 5
7.9023e-01 5.1440e-01 5
8.1809e-01 4.7732e-01 5
7.9372e-01 4.9841e-01 5
8.2519e-01 5.0249e-01 5
7.8544e-01 4.8921e-01 5
7.7241e-01 5.2612e-01 5
8.0028e-01 4.9702e-01 5
7.5561e-01 5.2023e-01 5
8.1562e-01 4.9413e-01 5
7.9923e-01 5.0298e-01 5
7.9452e-01 5.1157e-01 5
7.8823e-01 5.1143e-01 5
8.0723e-01 4.8751e-01 5
8.0473e-01 4.7794e-01 5
8.1859e-01 5.0065e-01 5
8.1452e-01 4.9035e-01 5
8.4768e-01 5.2641e-01 5
8.1245e-01 5.0916e-01 5
8.1550e-01 4.8044e-01 5
8.1764e-01 4.9512e-01 5
8.3228e-01 4.9515e-01 5
8.2080e-01 4.7889e-01 5
7.8809e-01 4.9236e-01 5
8.1470e-01 5.0449e-01 5
8.1175e-01 4.9779e-01 5
7.7372e-01 4.9824e-01 5
7.9190e-01 5.2108e-01 5
8.0242e-01 4.3888e-01 5
7.7801e-01 5.1190e-01 5
8.0082e-01 4.6110e-01 5
7.9999e-01 5.1693e-01 5
7.8869e-01 4.9541e-01 5
8.4189e-01 5.3747e-01 5
8.2018e-01 4.9246e-01 5
8.0939e-01 4.8720e-01 5
8.0479e-01 5.4606e-01 5
7.8851e-01 5.1660e-01 5
7.9467e-01 4.7189e-01 5
7.8618e-01 4.8906e-01 5
7.8230e-01 4.9053e-01 5
8.5717e-01 4.9891e-01 5
8.1066e-01 4.8794e-01 5
7.7968e-01 5.0893e-01 5
8.3342e-01 4.7801e-01 5
7.9177e-01 5.1092e-01 5
7.8582e-01 4.8008e-01 5
8.2036e-01 5.2522e-01 5
7.9935e-01 4.8353e-01 5
8.0327e-01 4.6027e-01 5
7.9873e-01 4.8613e-01 5
7.8960e-01 4.9096e-01 5
8.0626e-01 5.2600e-01 5
7.6321e-01 5.3988e-01 5
7.7459e-01 4.9902e-01 5
7.7431e-01 4.5788e-01 5
8.2011e-01 5.2713e-01 5
7.5719e-01 4.8768e-01 5
7.9124e-01 5.2300e-01 5
8.3409e-01 4.9377e-01 5
7.8777e-01 4.7329e-01 5
7.5597e-01 4.9475e-01 5
7.8798e-01 4.9757e-01 5
8.1167e-01 5.0891e-01 5
7.9107e-01 4.7670e-01 5
8.1022e-01 5.5548e-01 5
8.1343e-01 4.9029e-01 5
7.8712e-01 4.4988e-01 5
8.0315e-01 4.9345e-01 5
7.3754e-01 5.2130e-01 5
7.8257e-01 4.8955e-01 5
8.0107e-01 5.0425e-01 5
8.6056e-01 4.2970e-01 5
7.7037e-01 4.9629e-01 5
8.2436e-01 4.7577e-01 5
7.6285e-01 4.8683e-01 5
8.0525e-01 4.8699e-01 5
7.7440e-01 5.2757e-01 5
7.8061e-01 4.7974e-01 5
7.9238e-01 5.0952e-01 5
7.6572e-01 5.1122e-01 5
8.0383e-01 5.2458e-01 5
7.8420e-01 4.8546e-01 5
8.0840e-01 5.4132e-01 5
8.1131e-01 5.0988e-01 5
7.9069e-01 4.9481e-01 5
7.8572e-01 5.0556e-01 5
7.4934e-01 4.6056e-01 5
8.0997e-01 5.3760e-01 5
8.2810e-01 4.7662e-01 5
8.1788e-01 5.0288e-01 5
7.9952e-01 4.9868e-01 5
7.9372e-01 4.9278e-01 5
7.6685e-01 5.3195e-01 5
8.0340e-01 5.3426e-01 5
8.0087e-01 5.0206e-01 5
7.8278e-01 5.4459e-01 5
8.0377e-01 5.1310e-01 5
7.6845e-01 4.9183e-01 5
8.1265e-01 5.4948e-01 5
8.2210e-01 4.7149e-01 5
7.8866e-01 4.8129e-01 5
7.6771e-01 4.9996e-01 5
8.0028e-01 5.0936e-01 5
7.7338e-01 4.3876e-01 5
8.0142e-01 5.4395e-01 5
7.6799e-01 5.2233e-01 5
7.9357e-01 4.9635e-01 5
8.3433e-01 5.3198e-01 5
7.7015e-01 4.9253e-01 5
8.0318e-01 5.0657e-01 5
8.6548e-01 4.8462e-01 5
8.2032e-01 5.2602e-01 5
8.0296e-01 5.1303e-01 5
7.7677e-01 5.0790e-01 5
8.1173e-01 5.1075e-01 5
8.6080e-01 5.3452e-01 5
8.3137e-01 5.2174e-01 5
8.0096e-01 5.0381e-01 5
8.1843e-01 4.8962e-01 5
7.6789e-01 5.3231e-01 5
8.1330e-01 5.0609e-01 5
7.9057e-01 4.9149e-01 5
7.6636e-01 5.7374e-01 5
8.1379e-01 5.0055e-01 5
8.0065e-01 5.2532e-01 5
8.0311e-01 4.5785e-01 5
7.8686e-01 4.9999e-01 5
8.2175e-01 4.8199e-01 5
7.9061e-01 4.8359e-01 5
8.2971e-01 4.8207e-01 5
7.6675e-01 4.7506e-01 5
7.8359e-01 5.6669e-01 5
7.8255e-01 4.7742e-01 5
7.8999e-01 4.8949e-01 5
8.0933e-01 5.0747e-01 5
7.6640e-01 5.1091e-01 5
7.5854e-01 4.7130e-01 5
8.0640e-01 4.9148e-01 5
8.0547e-01 4.7108e-01 5
7.6944e-01 4.8889e-01 5
8.2487e-01 5.0560e-01 5
7.7621e-01 4.8455e-01 5
8.1561e-01 4.7005e-01 5
7.8573e-01 5.2510e-01 5
7.8205e-01 5.4899e-01 5
8.0477e-01 5.2497e-01 5
7.6700e-01 4.8719e-01 5
7.7630e-01 5.0561e-01 5
7.7958e-01 4.9070e-01 5
8.3072e-01 5.1562e-01 5
8.2844e-01 5.1177e-01 5
8.0080e-01 4.9270e-01 5
7.8113e-01 5.2215e-01 5
7.9619e-01 4.9071e-01 5
7.8518e-01 4.8604e-01 5
8.2627e-01 5.1405e-01 5
8.2953e-01 5.2143e-01 5
7.9890e-01 5.1490e-01 5
8.0322e-01 5.2131e-01 5
7.9561e-01 4.4537e-01 5
8.0846e-01 5.1817e-01 5
8.1970e-01 4.9711e-01 5
8.3193e-01 5.1051e-01 5
8.4120e-01 4.8939e-01 5
7.9035e-01 4.8666e-01 5
8.1504e-01 5.1930e-01 5
8.3547e-01 5.0434e-01 5
8.2129e-01 5.0407e-01 5
8.0530e-01 4.8075e-01 5
7.9002e-01 4.5698e-01 5
7.7150e-01 5.0880e-01 5
7.9970e-01 4.7550e-01 5
7.6890e-01 5.3869e-01 5
7.7055e-01 5.3496e-01 5
8.1804e-01 4.8621e-01 5
7.9081e-01 4.5059e-01 5
7.7541e-01 5.0949e-01 5
7.7482e-01 4.6738e-01 5
7.7416e-01 5.5404e-01 5
7.6564e-01 4.6991e-01 5
8.3694e-01 5.1137e-01 5
7.8555e-01 4.8305e-01 5
7.7053e-01 5.2163e-01 5
7.3300e-01 5.3889e-01 5
8.2224e-01 4.7475e-01 5
7.9508e-01 4.7778e-01 5
8.0403e-01 4.9535e-01 5
8.0106e-01 4.9569e-01 5
7.9808e-01 5.0762e-01 5
7.4311e-01 4.9131e-01 5
7.7653e-01 5.1127e-01 5
8.2170e-01 4.7187e-01 5
7.8988e-01 5.2865e-01 5
7.9790e-01 5.2448e-01 5
7.6463e-01 5.1733e-01 5
7.7125e-01 4.7249e-01 5
8.4673e-01 4.4702e-01 5
7.8288e-01 4.7582e-01 5
7.5584e-01 4.9779e-01 5
8.0350e-01 5.0278e-01 5
8.2221e-01 4.9413e-01 5
7.8872e-01 5.2190e-01 5
7.8494e-01 4.8963e-01 5
8.2074e-01 4.9250e-01 5
8.2002e-01 4.8261e-01 5
8.1305e-01 4.8649e-01 5
8.0206e-01 5.1218e-01 5
8.0000e-01 5.0526e-01 5
7.9676e-01 4.8180e-01 5
7.7217e-01 4.6976e-01 5
7.6737e-01 4.3735e-01 5
7.8487e-01 5.2849e-01 5
8.1907e-01 5.1171e-01 5
7.7739e-01 5.1643e-01 5
7.8755e-01 4.7092e-01 5
8.3389e-01 5.4008e-01 5
7.7710e-01 5.0568e-01 5
8.0237e-01 5.2607e-01 5
7.7680e-01 5.5310e-01 5
8.4074e-01 5.2231e-01 5
8.2910e-01 5.1155e-01 5
8.0252e-01 4.9749e-01 5
8.2574e-01 5.3262e-01 5
8.0260e-01 5.0501e-01 5
7.9545e-01 4.4426e-01 5
7.7844e-01 4.9923e-01 5
7.7201e-01 4.9482e-01 5
8.0090e-01 5.4227e-01 5
8.1004e-01 4.8963e-01 5
7.6450e-01 5.2454e-01 5
7.9034e-01 5.0198e-01 5
2.5127e-01 4.9339e-01 6
3.8387e-01 4.1546e-01 6
3.6655e-01 5.2731e-01 6
3.6875e-01 4.5305e-01 6
8.7743e-01 6.4128e-01 6
6.0873e-01 4.4601e-01 6
8.8144e-01 5.3441e-01 6
5.7891e-01 9.0733e-01 6
6.6238e-01 3.8885e-01 6
7.7785e-01 8.0004e-01 6
4.2720e-01 6.6540e-01 6
4.3382e-01 9.1934e-01 6
3.0613e-01 7.6930e-01 6
4.1210e-01 5.4453e-01 6
5.7494e-01 5.8178e-01 6
8.7714e-01 6.6798e-01 6
5.9917e-01 5.1187e-01 6
3.4538e-01 6.6300e-01 6
8.6229e-01 6.0129e-01 6
1.0451e+00 7.7755e-01 6
9.1756e-01 5.4019e-01 6
3.8097e-01 3.2588e-01 6
7.5309e-01 3.1644e-01 6
7.1914e-01 4.4118e-01 6
4.7033e-01 4.8240e-01 6
7.3259e-01 6.8169e-01 6
4.1637e-01 4.3827e-01 6
-9.8220e-02 3.7096e-01 6
6.7910e-01 6.4371e-01 6
7.5405e-01 1.4723e-01 6
6.3135e-01 7.0821e-01 6
5.2844e-01 9.1741e-02 6
4.4676e-01 2.0440e-01 6
2.6704e-01 3.4340e-01 6
3.7873e-01 5.2186e-01 6
8.5827e-01 7.2039e-01 6
6.5235e-01 5.5691e-01 6
2.3949e-02 8.5364e-01 6
8.1170e-01 5.7763e-01 6
6.8793e-01 3.4013e-01 6
8.8606e-01 2.1445e-01 6
7.1001e-01 4.1132e-01 6
6.1170e-01 2.8304e-01 6
9.7535e-01 7.5239e-01 6
8.1792e-01 4.0852e-01 6
4.5478e-01 4.9146e-01 6
5.3843e-01 6.3445e-01 6
5.0689e-01 6.5200e-01 6
4.9999e-01 -1.3143e-02 6
7.5018e-01 6.6268e-01 6
