1.0000e+00 1.0000e+00 1.0000e+00 1.0000e+00 2
1.0000e+00 1.0000e+00 1.0000e+00 2.0000e+00 3
1.0000e+00 1.0000e+00 1.0000e+00 3.0000e+00 3
1.0000e+00 1.0000e+00 1.0000e+00 4.0000e+00 3
1.0000e+00 1.0000e+00 1.0000e+00 5.0000e+00 3
1.0000e+00 1.0000e+00 2.0000e+00 1.0000e+00 3
1.0000e+00 1.0000e+00 2.0000e+00 2.0000e+00 3
1.0000e+00 1.0000e+00 2.0000e+00 3.0000e+00 3
1.0000e+00 1.0000e+00 2.0000e+00 4.0000e+00 3
1.0000e+00 1.0000e+00 2.0000e+00 5.0000e+00 3
1.0000e+00 1.0000e+00 3.0000e+00 1.0000e+00 3
1.0000e+00 1.0000e+00 3.0000e+00 2.0000e+00 3
1.0000e+00 1.0000e+00 3.0000e+00 3.0000e+00 3
1.0000e+00 1.0000e+00 3.0000e+00 4.0000e+00 3
1.0000e+00 1.0000e+00 3.0000e+00 5.0000e+00 3
1.0000e+00 1.0000e+00 4.0000e+00 1.0000e+00 3
1.0000e+00 1.0000e+00 4.0000e+00 2.0000e+00 3
1.0000e+00 1.0000e+00 4.0000e+00 3.0000e+00 3
1.0000e+00 1.0000e+00 4.0000e+00 4.0000e+00 3
1.0000e+00 1.0000e+00 4.0000e+00 5.0000e+00 3
1.0000e+00 1.0000e+00 5.0000e+00 1.0000e+00 3
1.0000e+00 1.0000e+00 5.0000e+00 2.0000e+00 3
1.0000e+00 1.0000e+00 5.0000e+00 3.0000e+00 3
1.0000e+00 1.0000e+00 5.0000e+00 4.0000e+00 3
1.0000e+00 1.0000e+00 5.0000e+00 5.0000e+00 3
1.0000e+00 2.0000e+00 1.0000e+00 1.0000e+00 1
1.0000e+00 2.0000e+00 1.0000e+00 2.0000e+00 2
1.0000e+00 2.0000e+00 1.0000e+00 3.0000e+00 3
1.0000e+00 2.0000e+00 1.0000e+00 4.0000e+00 3
1.0000e+00 2.0000e+00 1.0000e+00 5.0000e+00 3
1.0000e+00 2.0000e+00 2.0000e+00 1.0000e+00 2
1.0000e+00 2.0000e+00 2.0000e+00 2.0000e+00 3
1.0000e+00 2.0000e+00 2.0000e+00 3.0000e+00 3
1.0000e+00 2.0000e+00 2.0000e+00 4.0000e+00 3
1.0000e+00 2.0000e+00 2.0000e+00 5.0000e+00 3
1.0000e+00 2.0000e+00 3.0000e+00 1.0000e+00 3
1.0000e+00 2.0000e+00 3.0000e+00 2.0000e+00 3
1.0000e+00 2.0000e+00 3.0000e+00 3.0000e+00 3
1.0000e+00 2.0000e+00 3.0000e+00 4.0000e+00 3
1.0000e+00 2.0000e+00 3.0000e+00 5.0000e+00 3
1.0000e+00 2.0000e+00 4.0000e+00 1.0000e+00 3
1.0000e+00 2.0000e+00 4.0000e+00 2.0000e+00 3
1.0000e+00 2.0000e+00 4.0000e+00 3.0000e+00 3
1.0000e+00 2.0000e+00 4.0000e+00 4.0000e+00 3
1.0000e+00 2.0000e+00 4.0000e+00 5.0000e+00 3
1.0000e+00 2.0000e+00 5.0000e+00 1.0000e+00 3
1.0000e+00 2.0000e+00 5.0000e+00 2.0000e+00 3
1.0000e+00 2.0000e+00 5.0000e+00 3.0000e+00 3
1.0000e+00 2.0000e+00 5.0000e+00 4.0000e+00 3
1.0000e+00 2.0000e+00 5.0000e+00 5.0000e+00 3
1.0000e+00 3.0000e+00 1.0000e+00 1.0000e+00 1
1.0000e+00 3.0000e+00 1.0000e+00 2.0000e+00 1
1.0000e+00 3.0000e+00 1.0000e+00 3.0000e+00 2
1.0000e+00 3.0000e+00 1.0000e+00 4.0000e+00 3
1.0000e+00 3.0000e+00 1.0000e+00 5.0000e+00 3
1.0000e+00 3.0000e+00 2.0000e+00 1.0000e+00 1
1.0000e+00 3.0000e+00 2.0000e+00 2.0000e+00 3
1.0000e+00 3.0000e+00 2.0000e+00 3.0000e+00 3
1.0000e+00 3.0000e+00 2.0000e+00 4.0000e+00 3
1.0000e+00 3.0000e+00 2.0000e+00 5.0000e+00 3
1.0000e+00 3.0000e+00 3.0000e+00 1.0000e+00 2
1.0000e+00 3.0000e+00 3.0000e+00 2.0000e+00 3
1.0000e+00 3.0000e+00 3.0000e+00 3.0000e+00 3
1.0000e+00 3.0000e+00 3.0000e+00 4.0000e+00 3
1.0000e+00 3.0000e+00 3.0000e+00 5.0000e+00 3
1.0000e+00 3.0000e+00 4.0000e+00 1.0000e+00 3
1.0000e+00 3.0000e+00 4.0000e+00 2.0000e+00 3
1.0000e+00 3.0000e+00 4.0000e+00 3.0000e+00 3
1.0000e+00 3.0000e+00 4.0000e+00 4.0000e+00 3
1.0000e+00 3.0000e+00 4.0000e+00 5.0000e+00 3
1.0000e+00 3.0000e+00 5.0000e+00 1.0000e+00 3
1.0000e+00 3.0000e+00 5.0000e+00 2.0000e+00 3
1.0000e+00 3.0000e+00 5.0000e+00 3.0000e+00 3
1.0000e+00 3.0000e+00 5.0000e+00 4.0000e+00 3
1.0000e+00 3.0000e+00 5.0000e+00 5.0000e+00 3
1.0000e+00 4.0000e+00 1.0000e+00 1.0000e+00 1
1.0000e+00 4.0000e+00 1.0000e+00 2.0000e+00 1
1.0000e+00 4.0000e+00 1.0000e+00 3.0000e+00 1
1.0000e+00 4.0000e+00 1.0000e+00 4.0000e+00 2
1.0000e+00 4.0000e+00 1.0000e+00 5.0000e+00 3
1.0000e+00 4.0000e+00 2.0000e+00 1.0000e+00 1
1.0000e+00 4.0000e+00 2.0000e+00 2.0000e+00 2
1.0000e+00 4.0000e+00 2.0000e+00 3.0000e+00 3
1.0000e+00 4.0000e+00 2.0000e+00 4.0000e+00 3
1.0000e+00 4.0000e+00 2.0000e+00 5.0000e+00 3
1.0000e+00 4.0000e+00 3.0000e+00 1.0000e+00 1
1.0000e+00 4.0000e+00 3.0000e+00 2.0000e+00 3
1.0000e+00 4.0000e+00 3.0000e+00 3.0000e+00 3
1.0000e+00 4.0000e+00 3.0000e+00 4.0000e+00 3
1.0000e+00 4.0000e+00 3.0000e+00 5.0000e+00 3
1.0000e+00 4.0000e+00 4.0000e+00 1.0000e+00 2
1.0000e+00 4.0000e+00 4.0000e+00 2.0000e+00 3
1.0000e+00 4.0000e+00 4.0000e+00 3.0000e+00 3
1.0000e+00 4.0000e+00 4.0000e+00 4.0000e+00 3
1.0000e+00 4.0000e+00 4.0000e+00 5.0000e+00 3
1.0000e+00 4.0000e+00 5.0000e+00 1.0000e+00 3
1.0000e+00 4.0000e+00 5.0000e+00 2.0000e+00 3
1.0000e+00 4.0000e+00 5.0000e+00 3.0000e+00 3
1.0000e+00 4.0000e+00 5.0000e+00 4.0000e+00 3
1.0000e+00 4.0000e+00 5.0000e+00 5.0000e+00 3
1.0000e+00 5.0000e+00 1.0000e+00 1.0000e+00 1
1.0000e+00 5.0000e+00 1.0000e+00 2.0000e+00 1
1.0000e+00 5.0000e+00 1.0000e+00 3.0000e+00 1
1.0000e+00 5.0000e+00 1.0000e+00 4.0000e+00 1
1.0000e+00 5.0000e+00 1.0000e+00 5.0000e+00 2
1.0000e+00 5.0000e+00 2.0000e+00 1.0000e+00 1
1.0000e+00 5.0000e+00 2.0000e+00 2.0000e+00 1
1.0000e+00 5.0000e+00 2.0000e+00 3.0000e+00 3
1.0000e+00 5.0000e+00 2.0000e+00 4.0000e+00 3
1.0000e+00 5.0000e+00 2.0000e+00 5.0000e+00 3
1.0000e+00 5.0000e+00 3.0000e+00 1.0000e+00 1
1.0000e+00 5.0000e+00 3.0000e+00 2.0000e+00 3
1.0000e+00 5.0000e+00 3.0000e+00 3.0000e+00 3
1.0000e+00 5.0000e+00 3.0000e+00 4.0000e+00 3
1.0000e+00 5.0000e+00 3.0000e+00 5.0000e+00 3
1.0000e+00 5.0000e+00 4.0000e+00 1.0000e+00 1
1.0000e+00 5.0000e+00 4.0000e+00 2.0000e+00 3
1.0000e+00 5.0000e+00 4.0000e+00 3.0000e+00 3
1.0000e+00 5.0000e+00 4.0000e+00 4.0000e+00 3
1.0000e+00 5.0000e+00 4.0000e+00 5.0000e+00 3
1.0000e+00 5.0000e+00 5.0000e+00 1.0000e+00 2
1.0000e+00 5.0000e+00 5.0000e+00 2.0000e+00 3
1.0000e+00 5.0000e+00 5.0000e+00 3.0000e+00 3
1.0000e+00 5.0000e+00 5.0000e+00 4.0000e+00 3
1.0000e+00 5.0000e+00 5.0000e+00 5.0000e+00 3
2.0000e+00 1.0000e+00 1.0000e+00 1.0000e+00 1
2.0000e+00 1.0000e+00 1.0000e+00 2.0000e+00 2
2.0000e+00 1.0000e+00 1.0000e+00 3.0000e+00 3
2.0000e+00 1.0000e+00 1.0000e+00 4.0000e+00 3
2.0000e+00 1.0000e+00 1.0000e+00 5.0000e+00 3
2.0000e+00 1.0000e+00 2.0000e+00 1.0000e+00 2
2.0000e+00 1.0000e+00 2.0000e+00 2.0000e+00 3
2.0000e+00 1.0000e+00 2.0000e+00 3.0000e+00 3
2.0000e+00 1.0000e+00 2.0000e+00 4.0000e+00 3
2.0000e+00 1.0000e+00 2.0000e+00 5.0000e+00 3
2.0000e+00 1.0000e+00 3.0000e+00 1.0000e+00 3
2.0000e+00 1.0000e+00 3.0000e+00 2.0000e+00 3
2.0000e+00 1.0000e+00 3.0000e+00 3.0000e+00 3
2.0000e+00 1.0000e+00 3.0000e+00 4.0000e+00 3
2.0000e+00 1.0000e+00 3.0000e+00 5.0000e+00 3
2.0000e+00 1.0000e+00 4.0000e+00 1.0000e+00 3
2.0000e+00 1.0000e+00 4.0000e+00 2.0000e+00 3
2.0000e+00 1.0000e+00 4.0000e+00 3.0000e+00 3
2.0000e+00 1.0000e+00 4.0000e+00 4.0000e+00 3
2.0000e+00 1.0000e+00 4.0000e+00 5.0000e+00 3
2.0000e+00 1.0000e+00 5.0000e+00 1.0000e+00 3
2.0000e+00 1.0000e+00 5.0000e+00 2.0000e+00 3
2.0000e+00 1.0000e+00 5.0000e+00 3.0000e+00 3
2.0000e+00 1.0000e+00 5.0000e+00 4.0000e+00 3
2.0000e+00 1.0000e+00 5.0000e+00 5.0000e+00 3
2.0000e+00 2.0000e+00 1.0000e+00 1.0000e+00 1
2.0000e+00 2.0000e+00 1.0000e+00 2.0000e+00 1
2.0000e+00 2.0000e+00 1.0000e+00 3.0000e+00 1
2.0000e+00 2.0000e+00 1.0000e+00 4.0000e+00 2
2.0000e+00 2.0000e+00 1.0000e+00 5.0000e+00 3
2.0000e+00 2.0000e+00 2.0000e+00 1.0000e+00 1
2.0000e+00 2.0000e+00 2.0000e+00 2.0000e+00 2
2.0000e+00 2.0000e+00 2.0000e+00 3.0000e+00 3
2.0000e+00 2.0000e+00 2.0000e+00 4.0000e+00 3
2.0000e+00 2.0000e+00 2.0000e+00 5.0000e+00 3
2.0000e+00 2.0000e+00 3.0000e+00 1.0000e+00 1
2.0000e+00 2.0000e+00 3.0000e+00 2.0000e+00 3
2.0000e+00 2.0000e+00 3.0000e+00 3.0000e+00 3
2.0000e+00 2.0000e+00 3.0000e+00 4.0000e+00 3
2.0000e+00 2.0000e+00 3.0000e+00 5.0000e+00 3
2.0000e+00 2.0000e+00 4.0000e+00 1.0000e+00 2
2.0000e+00 2.0000e+00 4.0000e+00 2.0000e+00 3
2.0000e+00 2.0000e+00 4.0000e+00 3.0000e+00 3
2.0000e+00 2.0000e+00 4.0000e+00 4.0000e+00 3
2.0000e+00 2.0000e+00 4.0000e+00 5.0000e+00 3
2.0000e+00 2.0000e+00 5.0000e+00 1.0000e+00 3
2.0000e+00 2.0000e+00 5.0000e+00 2.0000e+00 3
2.0000e+00 2.0000e+00 5.0000e+00 3.0000e+00 3
2.0000e+00 2.0000e+00 5.0000e+00 4.0000e+00 3
2.0000e+00 2.0000e+00 5.0000e+00 5.0000e+00 3
2.0000e+00 3.0000e+00 1.0000e+00 1.0000e+00 1
2.0000e+00 3.0000e+00 1.0000e+00 2.0000e+00 1
2.0000e+00 3.0000e+00 1.0000e+00 3.0000e+00 1
2.0000e+00 3.0000e+00 1.0000e+00 4.0000e+00 1
2.0000e+00 3.0000e+00 1.0000e+00 5.0000e+00 1
2.0000e+00 3.0000e+00 2.0000e+00 1.0000e+00 1
2.0000e+00 3.0000e+00 2.0000e+00 2.0000e+00 1
2.0000e+00 3.0000e+00 2.0000e+00 3.0000e+00 2
2.0000e+00 3.0000e+00 2.0000e+00 4.0000e+00 3
2.0000e+00 3.0000e+00 2.0000e+00 5.0000e+00 3
2.0000e+00 3.0000e+00 3.0000e+00 1.0000e+00 1
2.0000e+00 3.0000e+00 3.0000e+00 2.0000e+00 2
2.0000e+00 3.0000e+00 3.0000e+00 3.0000e+00 3
2.0000e+00 3.0000e+00 3.0000e+00 4.0000e+00 3
2.0000e+00 3.0000e+00 3.0000e+00 5.0000e+00 3
2.0000e+00 3.0000e+00 4.0000e+00 1.0000e+00 1
2.0000e+00 3.0000e+00 4.0000e+00 2.0000e+00 3
2.0000e+00 3.0000e+00 4.0000e+00 3.0000e+00 3
2.0000e+00 3.0000e+00 4.0000e+00 4.0000e+00 3
2.0000e+00 3.0000e+00 4.0000e+00 5.0000e+00 3
2.0000e+00 3.0000e+00 5.0000e+00 1.0000e+00 1
2.0000e+00 3.0000e+00 5.0000e+00 2.0000e+00 3
2.0000e+00 3.0000e+00 5.0000e+00 3.0000e+00 3
2.0000e+00 3.0000e+00 5.0000e+00 4.0000e+00 3
2.0000e+00 3.0000e+00 5.0000e+00 5.0000e+00 3
2.0000e+00 4.0000e+00 1.0000e+00 1.0000e+00 1
2.0000e+00 4.0000e+00 1.0000e+00 2.0000e+00 1
2.0000e+00 4.0000e+00 1.0000e+00 3.0000e+00 1
2.0000e+00 4.0000e+00 1.0000e+00 4.0000e+00 1
2.0000e+00 4.0000e+00 1.0000e+00 5.0000e+00 1
2.0000e+00 4.0000e+00 2.0000e+00 1.0000e+00 1
2.0000e+00 4.0000e+00 2.0000e+00 2.0000e+00 1
2.0000e+00 4.0000e+00 2.0000e+00 3.0000e+00 1
2.0000e+00 4.0000e+00 2.0000e+00 4.0000e+00 2
2.0000e+00 4.0000e+00 2.0000e+00 5.0000e+00 3
2.0000e+00 4.0000e+00 3.0000e+00 1.0000e+00 1
2.0000e+00 4.0000e+00 3.0000e+00 2.0000e+00 1
2.0000e+00 4.0000e+00 3.0000e+00 3.0000e+00 3
2.0000e+00 4.0000e+00 3.0000e+00 4.0000e+00 3
2.0000e+00 4.0000e+00 3.0000e+00 5.0000e+00 3
2.0000e+00 4.0000e+00 4.0000e+00 1.0000e+00 1
2.0000e+00 4.0000e+00 4.0000e+00 2.0000e+00 2
2.0000e+00 4.0000e+00 4.0000e+00 3.0000e+00 3
2.0000e+00 4.0000e+00 4.0000e+00 4.0000e+00 3
2.0000e+00 4.0000e+00 4.0000e+00 5.0000e+00 3
2.0000e+00 4.0000e+00 5.0000e+00 1.0000e+00 1
2.0000e+00 4.0000e+00 5.0000e+00 2.0000e+00 3
2.0000e+00 4.0000e+00 5.0000e+00 3.0000e+00 3
2.0000e+00 4.0000e+00 5.0000e+00 4.0000e+00 3
2.0000e+00 4.0000e+00 5.0000e+00 5.0000e+00 3
2.0000e+00 5.0000e+00 1.0000e+00 1.0000e+00 1
2.0000e+00 5.0000e+00 1.0000e+00 2.0000e+00 1
2.0000e+00 5.0000e+00 1.0000e+00 3.0000e+00 1
2.0000e+00 5.0000e+00 1.0000e+00 4.0000e+00 1
2.0000e+00 5.0000e+00 1.0000e+00 5.0000e+00 1
2.0000e+00 5.0000e+00 2.0000e+00 1.0000e+00 1
2.0000e+00 5.0000e+00 2.0000e+00 2.0000e+00 1
2.0000e+00 5.0000e+00 2.0000e+00 3.0000e+00 1
2.0000e+00 5.0000e+00 2.0000e+00 4.0000e+00 1
2.0000e+00 5.0000e+00 2.0000e+00 5.0000e+00 2
2.0000e+00 5.0000e+00 3.0000e+00 1.0000e+00 1
2.0000e+00 5.0000e+00 3.0000e+00 2.0000e+00 1
2.0000e+00 5.0000e+00 3.0000e+00 3.0000e+00 1
2.0000e+00 5.0000e+00 3.0000e+00 4.0000e+00 3
2.0000e+00 5.0000e+00 3.0000e+00 5.0000e+00 3
2.0000e+00 5.0000e+00 4.0000e+00 1.0000e+00 1
2.0000e+00 5.0000e+00 4.0000e+00 2.0000e+00 1
2.0000e+00 5.0000e+00 4.0000e+00 3.0000e+00 3
2.0000e+00 5.0000e+00 4.0000e+00 4.0000e+00 3
2.0000e+00 5.0000e+00 4.0000e+00 5.0000e+00 3
2.0000e+00 5.0000e+00 5.0000e+00 1.0000e+00 1
2.0000e+00 5.0000e+00 5.0000e+00 2.0000e+00 2
2.0000e+00 5.0000e+00 5.0000e+00 3.0000e+00 3
2.0000e+00 5.0000e+00 5.0000e+00 4.0000e+00 3
2.0000e+00 5.0000e+00 5.0000e+00 5.0000e+00 3
3.0000e+00 1.0000e+00 1.0000e+00 1.0000e+00 1
3.0000e+00 1.0000e+00 1.0000e+00 2.0000e+00 1
3.0000e+00 1.0000e+00 1.0000e+00 3.0000e+00 2
3.0000e+00 1.0000e+00 1.0000e+00 4.0000e+00 3
3.0000e+00 1.0000e+00 1.0000e+00 5.0000e+00 3
3.0000e+00 1.0000e+00 2.0000e+00 1.0000e+00 1
3.0000e+00 1.0000e+00 2.0000e+00 2.0000e+00 3
3.0000e+00 1.0000e+00 2.0000e+00 3.0000e+00 3
3.0000e+00 1.0000e+00 2.0000e+00 4.0000e+00 3
3.0000e+00 1.0000e+00 2.0000e+00 5.0000e+00 3
3.0000e+00 1.0000e+00 3.0000e+00 1.0000e+00 2
3.0000e+00 1.0000e+00 3.0000e+00 2.0000e+00 3
3.0000e+00 1.0000e+00 3.0000e+00 3.0000e+00 3
3.0000e+00 1.0000e+00 3.0000e+00 4.0000e+00 3
3.0000e+00 1.0000e+00 3.0000e+00 5.0000e+00 3
3.0000e+00 1.0000e+00 4.0000e+00 1.0000e+00 3
3.0000e+00 1.0000e+00 4.0000e+00 2.0000e+00 3
3.0000e+00 1.0000e+00 4.0000e+00 3.0000e+00 3
3.0000e+00 1.0000e+00 4.0000e+00 4.0000e+00 3
3.0000e+00 1.0000e+00 4.0000e+00 5.0000e+00 3
3.0000e+00 1.0000e+00 5.0000e+00 1.0000e+00 3
3.0000e+00 1.0000e+00 5.0000e+00 2.0000e+00 3
3.0000e+00 1.0000e+00 5.0000e+00 3.0000e+00 3
3.0000e+00 1.0000e+00 5.0000e+00 4.0000e+00 3
3.0000e+00 1.0000e+00 5.0000e+00 5.0000e+00 3
3.0000e+00 2.0000e+00 1.0000e+00 1.0000e+00 1
3.0000e+00 2.0000e+00 1.0000e+00 2.0000e+00 1
3.0000e+00 2.0000e+00 1.0000e+00 3.0000e+00 1
3.0000e+00 2.0000e+00 1.0000e+00 4.0000e+00 1
3.0000e+00 2.0000e+00 1.0000e+00 5.0000e+00 1
3.0000e+00 2.0000e+00 2.0000e+00 1.0000e+00 1
3.0000e+00 2.0000e+00 2.0000e+00 2.0000e+00 1
3.0000e+00 2.0000e+00 2.0000e+00 3.0000e+00 2
3.0000e+00 2.0000e+00 2.0000e+00 4.0000e+00 3
3.0000e+00 2.0000e+00 2.0000e+00 5.0000e+00 3
3.0000e+00 2.0000e+00 3.0000e+00 1.0000e+00 1
3.0000e+00 2.0000e+00 3.0000e+00 2.0000e+00 2
3.0000e+00 2.0000e+00 3.0000e+00 3.0000e+00 3
3.0000e+00 2.0000e+00 3.0000e+00 4.0000e+00 3
3.0000e+00 2.0000e+00 3.0000e+00 5.0000e+00 3
3.0000e+00 2.0000e+00 4.0000e+00 1.0000e+00 1
3.0000e+00 2.0000e+00 4.0000e+00 2.0000e+00 3
3.0000e+00 2.0000e+00 4.0000e+00 3.0000e+00 3
3.0000e+00 2.0000e+00 4.0000e+00 4.0000e+00 3
3.0000e+00 2.0000e+00 4.0000e+00 5.0000e+00 3
3.0000e+00 2.0000e+00 5.0000e+00 1.0000e+00 1
3.0000e+00 2.0000e+00 5.0000e+00 2.0000e+00 3
3.0000e+00 2.0000e+00 5.0000e+00 3.0000e+00 3
3.0000e+00 2.0000e+00 5.0000e+00 4.0000e+00 3
3.0000e+00 2.0000e+00 5.0000e+00 5.0000e+00 3
3.0000e+00 3.0000e+00 1.0000e+00 1.0000e+00 1
3.0000e+00 3.0000e+00 1.0000e+00 2.0000e+00 1
3.0000e+00 3.0000e+00 1.0000e+00 3.0000e+00 1
3.0000e+00 3.0000e+00 1.0000e+00 4.0000e+00 1
3.0000e+00 3.0000e+00 1.0000e+00 5.0000e+00 1
3.0000e+00 3.0000e+00 2.0000e+00 1.0000e+00 1
3.0000e+00 3.0000e+00 2.0000e+00 2.0000e+00 1
3.0000e+00 3.0000e+00 2.0000e+00 3.0000e+00 1
3.0000e+00 3.0000e+00 2.0000e+00 4.0000e+00 1
3.0000e+00 3.0000e+00 2.0000e+00 5.0000e+00 3
3.0000e+00 3.0000e+00 3.0000e+00 1.0000e+00 1
3.0000e+00 3.0000e+00 3.0000e+00 2.0000e+00 1
3.0000e+00 3.0000e+00 3.0000e+00 3.0000e+00 2
3.0000e+00 3.0000e+00 3.0000e+00 4.0000e+00 3
3.0000e+00 3.0000e+00 3.0000e+00 5.0000e+00 3
3.0000e+00 3.0000e+00 4.0000e+00 1.0000e+00 1
3.0000e+00 3.0000e+00 4.0000e+00 2.0000e+00 1
3.0000e+00 3.0000e+00 4.0000e+00 3.0000e+00 3
3.0000e+00 3.0000e+00 4.0000e+00 4.0000e+00 3
3.0000e+00 3.0000e+00 4.0000e+00 5.0000e+00 3
3.0000e+00 3.0000e+00 5.0000e+00 1.0000e+00 1
3.0000e+00 3.0000e+00 5.0000e+00 2.0000e+00 3
3.0000e+00 3.0000e+00 5.0000e+00 3.0000e+00 3
3.0000e+00 3.0000e+00 5.0000e+00 4.0000e+00 3
3.0000e+00 3.0000e+00 5.0000e+00 5.0000e+00 3
3.0000e+00 4.0000e+00 1.0000e+00 1.0000e+00 1
3.0000e+00 4.0000e+00 1.0000e+00 2.0000e+00 1
3.0000e+00 4.0000e+00 1.0000e+00 3.0000e+00 1
3.0000e+00 4.0000e+00 1.0000e+00 4.0000e+00 1
3.0000e+00 4.0000e+00 1.0000e+00 5.0000e+00 1
3.0000e+00 4.0000e+00 2.0000e+00 1.0000e+00 1
3.0000e+00 4.0000e+00 2.0000e+00 2.0000e+00 1
3.0000e+00 4.0000e+00 2.0000e+00 3.0000e+00 1
3.0000e+00 4.0000e+00 2.0000e+00 4.0000e+00 1
3.0000e+00 4.0000e+00 2.0000e+00 5.0000e+00 1
3.0000e+00 4.0000e+00 3.0000e+00 1.0000e+00 1
3.0000e+00 4.0000e+00 3.0000e+00 2.0000e+00 1
3.0000e+00 4.0000e+00 3.0000e+00 3.0000e+00 1
3.0000e+00 4.0000e+00 3.0000e+00 4.0000e+00 2
3.0000e+00 4.0000e+00 3.0000e+00 5.0000e+00 3
3.0000e+00 4.0000e+00 4.0000e+00 1.0000e+00 1
3.0000e+00 4.0000e+00 4.0000e+00 2.0000e+00 1
3.0000e+00 4.0000e+00 4.0000e+00 3.0000e+00 2
3.0000e+00 4.0000e+00 4.0000e+00 4.0000e+00 3
3.0000e+00 4.0000e+00 4.0000e+00 5.0000e+00 3
3.0000e+00 4.0000e+00 5.0000e+00 1.0000e+00 1
3.0000e+00 4.0000e+00 5.0000e+00 2.0000e+00 1
3.0000e+00 4.0000e+00 5.0000e+00 3.0000e+00 3
3.0000e+00 4.0000e+00 5.0000e+00 4.0000e+00 3
3.0000e+00 4.0000e+00 5.0000e+00 5.0000e+00 3
3.0000e+00 5.0000e+00 1.0000e+00 1.0000e+00 1
3.0000e+00 5.0000e+00 1.0000e+00 2.0000e+00 1
3.0000e+00 5.0000e+00 1.0000e+00 3.0000e+00 1
3.0000e+00 5.0000e+00 1.0000e+00 4.0000e+00 1
3.0000e+00 5.0000e+00 1.0000e+00 5.0000e+00 1
3.0000e+00 5.0000e+00 2.0000e+00 1.0000e+00 1
3.0000e+00 5.0000e+00 2.0000e+00 2.0000e+00 1
3.0000e+00 5.0000e+00 2.0000e+00 3.0000e+00 1
3.0000e+00 5.0000e+00 2.0000e+00 4.0000e+00 1
3.0000e+00 5.0000e+00 2.0000e+00 5.0000e+00 1
3.0000e+00 5.0000e+00 3.0000e+00 1.0000e+00 1
3.0000e+00 5.0000e+00 3.0000e+00 2.0000e+00 1
3.0000e+00 5.0000e+00 3.0000e+00 3.0000e+00 1
3.0000e+00 5.0000e+00 3.0000e+00 4.0000e+00 1
3.0000e+00 5.0000e+00 3.0000e+00 5.0000e+00 2
3.0000e+00 5.0000e+00 4.0000e+00 1.0000e+00 1
3.0000e+00 5.0000e+00 4.0000e+00 2.0000e+00 1
3.0000e+00 5.0000e+00 4.0000e+00 3.0000e+00 1
3.0000e+00 5.0000e+00 4.0000e+00 4.0000e+00 3
3.0000e+00 5.0000e+00 4.0000e+00 5.0000e+00 3
3.0000e+00 5.0000e+00 5.0000e+00 1.0000e+00 1
3.0000e+00 5.0000e+00 5.0000e+00 2.0000e+00 1
3.0000e+00 5.0000e+00 5.0000e+00 3.0000e+00 2
3.0000e+00 5.0000e+00 5.0000e+00 4.0000e+00 3
3.0000e+00 5.0000e+00 5.0000e+00 5.0000e+00 3
4.0000e+00 1.0000e+00 1.0000e+00 1.0000e+00 1
4.0000e+00 1.0000e+00 1.0000e+00 2.0000e+00 1
4.0000e+00 1.0000e+00 1.0000e+00 3.0000e+00 1
4.0000e+00 1.0000e+00 1.0000e+00 4.0000e+00 2
4.0000e+00 1.0000e+00 1.0000e+00 5.0000e+00 3
4.0000e+00 1.0000e+00 2.0000e+00 1.0000e+00 1
4.0000e+00 1.0000e+00 2.0000e+00 2.0000e+00 2
4.0000e+00 1.0000e+00 2.0000e+00 3.0000e+00 3
4.0000e+00 1.0000e+00 2.0000e+00 4.0000e+00 3
4.0000e+00 1.0000e+00 2.0000e+00 5.0000e+00 3
4.0000e+00 1.0000e+00 3.0000e+00 1.0000e+00 1
4.0000e+00 1.0000e+00 3.0000e+00 2.0000e+00 3
4.0000e+00 1.0000e+00 3.0000e+00 3.0000e+00 3
4.0000e+00 1.0000e+00 3.0000e+00 4.0000e+00 3
4.0000e+00 1.0000e+00 3.0000e+00 5.0000e+00 3
4.0000e+00 1.0000e+00 4.0000e+00 1.0000e+00 2
4.0000e+00 1.0000e+00 4.0000e+00 2.0000e+00 3
4.0000e+00 1.0000e+00 4.0000e+00 3.0000e+00 3
4.0000e+00 1.0000e+00 4.0000e+00 4.0000e+00 3
4.0000e+00 1.0000e+00 4.0000e+00 5.0000e+00 3
4.0000e+00 1.0000e+00 5.0000e+00 1.0000e+00 3
4.0000e+00 1.0000e+00 5.0000e+00 2.0000e+00 3
4.0000e+00 1.0000e+00 5.0000e+00 3.0000e+00 3
4.0000e+00 1.0000e+00 5.0000e+00 4.0000e+00 3
4.0000e+00 1.0000e+00 5.0000e+00 5.0000e+00 3
4.0000e+00 2.0000e+00 1.0000e+00 1.0000e+00 1
4.0000e+00 2.0000e+00 1.0000e+00 2.0000e+00 1
4.0000e+00 2.0000e+00 1.0000e+00 3.0000e+00 1
4.0000e+00 2.0000e+00 1.0000e+00 4.0000e+00 1
4.0000e+00 2.0000e+00 1.0000e+00 5.0000e+00 1
4.0000e+00 2.0000e+00 2.0000e+00 1.0000e+00 1
4.0000e+00 2.0000e+00 2.0000e+00 2.0000e+00 1
4.0000e+00 2.0000e+00 2.0000e+00 3.0000e+00 1
4.0000e+00 2.0000e+00 2.0000e+00 4.0000e+00 2
4.0000e+00 2.0000e+00 2.0000e+00 5.0000e+00 3
4.0000e+00 2.0000e+00 3.0000e+00 1.0000e+00 1
4.0000e+00 2.0000e+00 3.0000e+00 2.0000e+00 1
4.0000e+00 2.0000e+00 3.0000e+00 3.0000e+00 3
4.0000e+00 2.0000e+00 3.0000e+00 4.0000e+00 3
4.0000e+00 2.0000e+00 3.0000e+00 5.0000e+00 3
4.0000e+00 2.0000e+00 4.0000e+00 1.0000e+00 1
4.0000e+00 2.0000e+00 4.0000e+00 2.0000e+00 2
4.0000e+00 2.0000e+00 4.0000e+00 3.0000e+00 3
4.0000e+00 2.0000e+00 4.0000e+00 4.0000e+00 3
4.0000e+00 2.0000e+00 4.0000e+00 5.0000e+00 3
4.0000e+00 2.0000e+00 5.0000e+00 1.0000e+00 1
4.0000e+00 2.0000e+00 5.0000e+00 2.0000e+00 3
4.0000e+00 2.0000e+00 5.0000e+00 3.0000e+00 3
4.0000e+00 2.0000e+00 5.0000e+00 4.0000e+00 3
4.0000e+00 2.0000e+00 5.0000e+00 5.0000e+00 3
4.0000e+00 3.0000e+00 1.0000e+00 1.0000e+00 1
4.0000e+00 3.0000e+00 1.0000e+00 2.0000e+00 1
4.0000e+00 3.0000e+00 1.0000e+00 3.0000e+00 1
4.0000e+00 3.0000e+00 1.0000e+00 4.0000e+00 1
4.0000e+00 3.0000e+00 1.0000e+00 5.0000e+00 1
4.0000e+00 3.0000e+00 2.0000e+00 1.0000e+00 1
4.0000e+00 3.0000e+00 2.0000e+00 2.0000e+00 1
4.0000e+00 3.0000e+00 2.0000e+00 3.0000e+00 1
4.0000e+00 3.0000e+00 2.0000e+00 4.0000e+00 1
4.0000e+00 3.0000e+00 2.0000e+00 5.0000e+00 1
4.0000e+00 3.0000e+00 3.0000e+00 1.0000e+00 1
4.0000e+00 3.0000e+00 3.0000e+00 2.0000e+00 1
4.0000e+00 3.0000e+00 3.0000e+00 3.0000e+00 1
4.0000e+00 3.0000e+00 3.0000e+00 4.0000e+00 2
4.0000e+00 3.0000e+00 3.0000e+00 5.0000e+00 3
4.0000e+00 3.0000e+00 4.0000e+00 1.0000e+00 1
4.0000e+00 3.0000e+00 4.0000e+00 2.0000e+00 1
4.0000e+00 3.0000e+00 4.0000e+00 3.0000e+00 2
4.0000e+00 3.0000e+00 4.0000e+00 4.0000e+00 3
4.0000e+00 3.0000e+00 4.0000e+00 5.0000e+00 3
4.0000e+00 3.0000e+00 5.0000e+00 1.0000e+00 1
4.0000e+00 3.0000e+00 5.0000e+00 2.0000e+00 1
4.0000e+00 3.0000e+00 5.0000e+00 3.0000e+00 3
4.0000e+00 3.0000e+00 5.0000e+00 4.0000e+00 3
4.0000e+00 3.0000e+00 5.0000e+00 5.0000e+00 3
4.0000e+00 4.0000e+00 1.0000e+00 1.0000e+00 1
4.0000e+00 4.0000e+00 1.0000e+00 2.0000e+00 1
4.0000e+00 4.0000e+00 1.0000e+00 3.0000e+00 1
4.0000e+00 4.0000e+00 1.0000e+00 4.0000e+00 1
4.0000e+00 4.0000e+00 1.0000e+00 5.0000e+00 1
4.0000e+00 4.0000e+00 2.0000e+00 1.0000e+00 1
4.0000e+00 4.0000e+00 2.0000e+00 2.0000e+00 1
4.0000e+00 4.0000e+00 2.0000e+00 3.0000e+00 1
4.0000e+00 4.0000e+00 2.0000e+00 4.0000e+00 1
4.0000e+00 4.0000e+00 2.0000e+00 5.0000e+00 1
4.0000e+00 4.0000e+00 3.0000e+00 1.0000e+00 1
4.0000e+00 4.0000e+00 3.0000e+00 2.0000e+00 1
4.0000e+00 4.0000e+00 3.0000e+00 3.0000e+00 1
4.0000e+00 4.0000e+00 3.0000e+00 4.0000e+00 1
4.0000e+00 4.0000e+00 3.0000e+00 5.0000e+00 1
4.0000e+00 4.0000e+00 4.0000e+00 1.0000e+00 1
4.0000e+00 4.0000e+00 4.0000e+00 2.0000e+00 1
4.0000e+00 4.0000e+00 4.0000e+00 3.0000e+00 1
4.0000e+00 4.0000e+00 4.0000e+00 4.0000e+00 2
4.0000e+00 4.0000e+00 4.0000e+00 5.0000e+00 3
4.0000e+00 4.0000e+00 5.0000e+00 1.0000e+00 1
4.0000e+00 4.0000e+00 5.0000e+00 2.0000e+00 1
4.0000e+00 4.0000e+00 5.0000e+00 3.0000e+00 1
4.0000e+00 4.0000e+00 5.0000e+00 4.0000e+00 3
4.0000e+00 4.0000e+00 5.0000e+00 5.0000e+00 3
4.0000e+00 5.0000e+00 1.0000e+00 1.0000e+00 1
4.0000e+00 5.0000e+00 1.0000e+00 2.0000e+00 1
4.0000e+00 5.0000e+00 1.0000e+00 3.0000e+00 1
4.0000e+00 5.0000e+00 1.0000e+00 4.0000e+00 1
4.0000e+00 5.0000e+00 1.0000e+00 5.0000e+00 1
4.0000e+00 5.0000e+00 2.0000e+00 1.0000e+00 1
4.0000e+00 5.0000e+00 2.0000e+00 2.0000e+00 1
4.0000e+00 5.0000e+00 2.0000e+00 3.0000e+00 1
4.0000e+00 5.0000e+00 2.0000e+00 4.0000e+00 1
4.0000e+00 5.0000e+00 2.0000e+00 5.0000e+00 1
4.0000e+00 5.0000e+00 3.0000e+00 1.0000e+00 1
4.0000e+00 5.0000e+00 3.0000e+00 2.0000e+00 1
4.0000e+00 5.0000e+00 3.0000e+00 3.0000e+00 1
4.0000e+00 5.0000e+00 3.0000e+00 4.0000e+00 1
4.0000e+00 5.0000e+00 3.0000e+00 5.0000e+00 1
4.0000e+00 5.0000e+00 4.0000e+00 1.0000e+00 1
4.0000e+00 5.0000e+00 4.0000e+00 2.0000e+00 1
4.0000e+00 5.0000e+00 4.0000e+00 3.0000e+00 1
4.0000e+00 5.0000e+00 4.0000e+00 4.0000e+00 1
4.0000e+00 5.0000e+00 4.0000e+00 5.0000e+00 2
4.0000e+00 5.0000e+00 5.0000e+00 1.0000e+00 1
4.0000e+00 5.0000e+00 5.0000e+00 2.0000e+00 1
4.0000e+00 5.0000e+00 5.0000e+00 3.0000e+00 1
4.0000e+00 5.0000e+00 5.0000e+00 4.0000e+00 2
4.0000e+00 5.0000e+00 5.0000e+00 5.0000e+00 3
5.0000e+00 1.0000e+00 1.0000e+00 1.0000e+00 1
5.0000e+00 1.0000e+00 1.0000e+00 2.0000e+00 1
5.0000e+00 1.0000e+00 1.0000e+00 3.0000e+00 1
5.0000e+00 1.0000e+00 1.0000e+00 4.0000e+00 1
5.0000e+00 1.0000e+00 1.0000e+00 5.0000e+00 2
5.0000e+00 1.0000e+00 2.0000e+00 1.0000e+00 1
5.0000e+00 1.0000e+00 2.0000e+00 2.0000e+00 1
5.0000e+00 1.0000e+00 2.0000e+00 3.0000e+00 3
5.0000e+00 1.0000e+00 2.0000e+00 4.0000e+00 3
5.0000e+00 1.0000e+00 2.0000e+00 5.0000e+00 3
5.0000e+00 1.0000e+00 3.0000e+00 1.0000e+00 1
5.0000e+00 1.0000e+00 3.0000e+00 2.0000e+00 3
5.0000e+00 1.0000e+00 3.0000e+00 3.0000e+00 3
5.0000e+00 1.0000e+00 3.0000e+00 4.0000e+00 3
5.0000e+00 1.0000e+00 3.0000e+00 5.0000e+00 3
5.0000e+00 1.0000e+00 4.0000e+00 1.0000e+00 1
5.0000e+00 1.0000e+00 4.0000e+00 2.0000e+00 3
5.0000e+00 1.0000e+00 4.0000e+00 3.0000e+00 3
5.0000e+00 1.0000e+00 4.0000e+00 4.0000e+00 3
5.0000e+00 1.0000e+00 4.0000e+00 5.0000e+00 3
5.0000e+00 1.0000e+00 5.0000e+00 1.0000e+00 2
5.0000e+00 1.0000e+00 5.0000e+00 2.0000e+00 3
5.0000e+00 1.0000e+00 5.0000e+00 3.0000e+00 3
5.0000e+00 1.0000e+00 5.0000e+00 4.0000e+00 3
5.0000e+00 1.0000e+00 5.0000e+00 5.0000e+00 3
5.0000e+00 2.0000e+00 1.0000e+00 1.0000e+00 1
5.0000e+00 2.0000e+00 1.0000e+00 2.0000e+00 1
5.0000e+00 2.0000e+00 1.0000e+00 3.0000e+00 1
5.0000e+00 2.0000e+00 1.0000e+00 4.0000e+00 1
5.0000e+00 2.0000e+00 1.0000e+00 5.0000e+00 1
5.0000e+00 2.0000e+00 2.0000e+00 1.0000e+00 1
5.0000e+00 2.0000e+00 2.0000e+00 2.0000e+00 1
5.0000e+00 2.0000e+00 2.0000e+00 3.0000e+00 1
5.0000e+00 2.0000e+00 2.0000e+00 4.0000e+00 1
5.0000e+00 2.0000e+00 2.0000e+00 5.0000e+00 2
5.0000e+00 2.0000e+00 3.0000e+00 1.0000e+00 1
5.0000e+00 2.0000e+00 3.0000e+00 2.0000e+00 1
5.0000e+00 2.0000e+00 3.0000e+00 3.0000e+00 1
5.0000e+00 2.0000e+00 3.0000e+00 4.0000e+00 3
5.0000e+00 2.0000e+00 3.0000e+00 5.0000e+00 3
5.0000e+00 2.0000e+00 4.0000e+00 1.0000e+00 1
5.0000e+00 2.0000e+00 4.0000e+00 2.0000e+00 1
5.0000e+00 2.0000e+00 4.0000e+00 3.0000e+00 3
5.0000e+00 2.0000e+00 4.0000e+00 4.0000e+00 3
5.0000e+00 2.0000e+00 4.0000e+00 5.0000e+00 3
5.0000e+00 2.0000e+00 5.0000e+00 1.0000e+00 1
5.0000e+00 2.0000e+00 5.0000e+00 2.0000e+00 2
5.0000e+00 2.0000e+00 5.0000e+00 3.0000e+00 3
5.0000e+00 2.0000e+00 5.0000e+00 4.0000e+00 3
5.0000e+00 2.0000e+00 5.0000e+00 5.0000e+00 3
5.0000e+00 3.0000e+00 1.0000e+00 1.0000e+00 1
5.0000e+00 3.0000e+00 1.0000e+00 2.0000e+00 1
5.0000e+00 3.0000e+00 1.0000e+00 3.0000e+00 1
5.0000e+00 3.0000e+00 1.0000e+00 4.0000e+00 1
5.0000e+00 3.0000e+00 1.0000e+00 5.0000e+00 1
5.0000e+00 3.0000e+00 2.0000e+00 1.0000e+00 1
5.0000e+00 3.0000e+00 2.0000e+00 2.0000e+00 1
5.0000e+00 3.0000e+00 2.0000e+00 3.0000e+00 1
5.0000e+00 3.0000e+00 2.0000e+00 4.0000e+00 1
5.0000e+00 3.0000e+00 2.0000e+00 5.0000e+00 1
5.0000e+00 3.0000e+00 3.0000e+00 1.0000e+00 1
5.0000e+00 3.0000e+00 3.0000e+00 2.0000e+00 1
5.0000e+00 3.0000e+00 3.0000e+00 3.0000e+00 1
5.0000e+00 3.0000e+00 3.0000e+00 4.0000e+00 1
5.0000e+00 3.0000e+00 3.0000e+00 5.0000e+00 2
5.0000e+00 3.0000e+00 4.0000e+00 1.0000e+00 1
5.0000e+00 3.0000e+00 4.0000e+00 2.0000e+00 1
5.0000e+00 3.0000e+00 4.0000e+00 3.0000e+00 1
5.0000e+00 3.0000e+00 4.0000e+00 4.0000e+00 3
5.0000e+00 3.0000e+00 4.0000e+00 5.0000e+00 3
5.0000e+00 3.0000e+00 5.0000e+00 1.0000e+00 1
5.0000e+00 3.0000e+00 5.0000e+00 2.0000e+00 1
5.0000e+00 3.0000e+00 5.0000e+00 3.0000e+00 2
5.0000e+00 3.0000e+00 5.0000e+00 4.0000e+00 3
5.0000e+00 3.0000e+00 5.0000e+00 5.0000e+00 3
5.0000e+00 4.0000e+00 1.0000e+00 1.0000e+00 1
5.0000e+00 4.0000e+00 1.0000e+00 2.0000e+00 1
5.0000e+00 4.0000e+00 1.0000e+00 3.0000e+00 1
5.0000e+00 4.0000e+00 1.0000e+00 4.0000e+00 1
5.0000e+00 4.0000e+00 1.0000e+00 5.0000e+00 1
5.0000e+00 4.0000e+00 2.0000e+00 1.0000e+00 1
5.0000e+00 4.0000e+00 2.0000e+00 2.0000e+00 1
5.0000e+00 4.0000e+00 2.0000e+00 3.0000e+00 1
5.0000e+00 4.0000e+00 2.0000e+00 4.0000e+00 1
5.0000e+00 4.0000e+00 2.0000e+00 5.0000e+00 1
5.0000e+00 4.0000e+00 3.0000e+00 1.0000e+00 1
5.0000e+00 4.0000e+00 3.0000e+00 2.0000e+00 1
5.0000e+00 4.0000e+00 3.0000e+00 3.0000e+00 1
5.0000e+00 4.0000e+00 3.0000e+00 4.0000e+00 1
5.0000e+00 4.0000e+00 3.0000e+00 5.0000e+00 1
5.0000e+00 4.0000e+00 4.0000e+00 1.0000e+00 1
5.0000e+00 4.0000e+00 4.0000e+00 2.0000e+00 1
5.0000e+00 4.0000e+00 4.0000e+00 3.0000e+00 1
5.0000e+00 4.0000e+00 4.0000e+00 4.0000e+00 1
5.0000e+00 4.0000e+00 4.0000e+00 5.0000e+00 2
5.0000e+00 4.0000e+00 5.0000e+00 1.0000e+00 1
5.0000e+00 4.0000e+00 5.0000e+00 2.0000e+00 1
5.0000e+00 4.0000e+00 5.0000e+00 3.0000e+00 1
5.0000e+00 4.0000e+00 5.0000e+00 4.0000e+00 2
5.0000e+00 4.0000e+00 5.0000e+00 5.0000e+00 3
5.0000e+00 5.0000e+00 1.0000e+00 1.0000e+00 1
5.0000e+00 5.0000e+00 1.0000e+00 2.0000e+00 1
5.0000e+00 5.0000e+00 1.0000e+00 3.0000e+00 1
5.0000e+00 5.0000e+00 1.0000e+00 4.0000e+00 1
5.0000e+00 5.0000e+00 1.0000e+00 5.0000e+00 1
5.0000e+00 5.0000e+00 2.0000e+00 1.0000e+00 1
5.0000e+00 5.0000e+00 2.0000e+00 2.0000e+00 1
5.0000e+00 5.0000e+00 2.0000e+00 3.0000e+00 1
5.0000e+00 5.0000e+00 2.0000e+00 4.0000e+00 1
5.0000e+00 5.0000e+00 2.0000e+00 5.0000e+00 1
5.0000e+00 5.0000e+00 3.0000e+00 1.0000e+00 1
5.0000e+00 5.0000e+00 3.0000e+00 2.0000e+00 1
5.0000e+00 5.0000e+00 3.0000e+00 3.0000e+00 1
5.0000e+00 5.0000e+00 3.0000e+00 4.0000e+00 1
5.0000e+00 5.0000e+00 3.0000e+00 5.0000e+00 1
5.0000e+00 5.0000e+00 4.0000e+00 1.0000e+00 1
5.0000e+00 5.0000e+00 4.0000e+00 2.0000e+00 1
5.0000e+00 5.0000e+00 4.0000e+00 3.0000e+00 1
5.0000e+00 5.0000e+00 4.0000e+00 4.0000e+00 1
5.0000e+00 5.0000e+00 4.0000e+00 5.0000e+00 1
5.0000e+00 5.0000e+00 5.0000e+00 1.0000e+00 1
5.0000e+00 5.0000e+00 5.0000e+00 2.0000e+00 1
5.0000e+00 5.0000e+00 5.0000e+00 3.0000e+00 1
5.0000e+00 5.0000e+00 5.0000e+00 4.0000e+00 1
5.0000e+00 5.0000e+00 5.0000e+00 5.0000e+00 2
