5.2479e+02 1.8745e-01 3.2114e-02 2.2880e+02 6.8436e+03 2.9911e+01 6.0205e+01 2.2074e+02 5.5683e+02 1
3.3000e+02 2.2689e-01 2.6529e-01 1.2115e+02 3.1632e+03 2.6109e+01 6.9717e+01 9.9085e+01 4.0023e+02 1
5.5188e+02 2.3248e-01 6.3530e-02 2.6480e+02 1.1888e+04 4.4895e+01 7.7793e+01 2.5379e+02 6.5677e+02 1
3.8000e+02 2.4086e-01 2.8623e-01 1.3764e+02 5.4022e+03 3.9249e+01 8.8758e+01 1.0520e+02 4.9370e+02 1
3.6283e+02 2.0071e-01 2.4435e-01 1.2491e+02 3.2905e+03 2.6342e+01 6.9389e+01 1.0387e+02 4.2480e+02 1
3.8987e+02 1.5010e-01 9.7738e-02 1.1863e+02 2.4756e+03 2.0869e+01 4.9757e+01 1.0769e+02 4.2939e+02 1
2.9046e+02 1.4416e-01 5.3058e-02 7.4635e+01 1.1895e+03 1.5938e+01 3.5703e+01 6.5541e+01 3.3027e+02 1
2.7568e+02 1.5394e-01 1.8780e-01 9.1528e+01 1.7562e+03 1.9188e+01 3.9305e+01 8.2659e+01 3.3159e+02 1
4.7000e+02 2.1310e-01 2.2550e-01 1.8459e+02 8.1854e+03 4.4343e+01 8.4482e+01 1.6412e+02 6.0332e+02 1
4.2300e+02 2.1956e-01 2.6180e-01 1.7237e+02 6.1081e+03 3.5436e+01 7.9056e+01 1.5317e+02 5.5827e+02 1
4.1000e+02 3.1782e-01 2.9740e-01 2.5582e+02 1.0623e+04 4.1524e+01 6.7523e+01 2.4674e+02 5.0854e+02 1
5.0000e+02 2.2724e-01 5.0964e-02 2.1930e+02 9.8194e+03 4.4777e+01 7.6868e+01 2.0727e+02 6.0253e+02 1
4.3878e+02 2.1241e-01 6.0737e-02 1.2090e+02 4.8795e+03 4.0359e+01 8.0792e+01 8.9944e+01 5.2542e+02 1
3.6694e+02 2.8013e-01 2.5203e-01 1.7275e+02 7.0648e+03 4.0897e+01 7.5604e+01 1.5532e+02 4.7159e+02 1
4.8567e+02 2.3021e-01 1.3404e-01 2.5389e+02 8.1360e+03 3.2045e+01 6.4855e+01 2.4547e+02 5.4136e+02 1
3.9000e+02 3.5832e-01 2.0385e-01 2.4569e+02 1.0056e+04 4.0930e+01 7.0325e+01 2.3649e+02 4.7755e+02 1
2.6950e+02 2.0752e-01 3.8397e-02 8.0411e+01 1.9636e+03 2.4420e+01 4.4740e+01 6.6838e+01 3.2909e+02 1
3.0000e+02 1.9007e-01 1.6685e-01 9.7108e+01 3.0396e+03 3.1301e+01 5.1354e+01 8.2418e+01 3.8708e+02 1
3.2500e+02 2.2462e-01 2.8693e-01 2.2922e+02 5.7053e+03 2.4891e+01 3.5603e+01 2.2726e+02 4.6270e+02 1
2.9447e+02 2.0665e-01 4.6775e-01 1.9487e+02 5.5413e+03 2.8436e+01 3.6766e+01 1.9180e+02 4.4551e+02 1
5.0000e+02 1.9268e-01 1.9478e-01 1.4469e+02 3.0550e+03 2.1114e+01 9.6563e+01 1.0775e+02 5.4290e+02 1
2.1100e+02 5.3931e-02 9.4248e-02 3.0753e+01 1.5198e+02 4.9420e+00 1.4268e+01 2.7243e+01 2.1713e+02 2
1.9686e+02 2.0071e-02 9.0757e-02 2.8593e+01 8.2059e+01 2.8699e+00 7.9688e+00 2.7662e+01 2.0075e+02 2
2.4500e+02 1.8902e-01 8.1681e-02 6.2903e+01 1.2360e+03 1.9649e+01 4.2152e+01 4.6690e+01 2.9238e+02 2
3.5266e+02 1.2200e-01 9.0757e-02 6.8528e+01 1.0662e+03 1.5558e+01 4.3692e+01 5.2793e+01 3.8273e+02 2
2.4329e+02 3.9968e-02 6.7021e-02 6.8545e+01 3.8393e+02 5.6011e+00 9.9913e+00 6.7817e+01 2.6364e+02 2
2.5989e+02 7.0686e-02 6.9813e-03 5.8244e+01 4.6509e+02 7.9852e+00 1.7507e+01 5.6340e+01 2.6752e+02 2
2.5000e+02 6.8068e-02 -1.5359e-02 5.7172e+01 6.5290e+02 1.1420e+01 1.7777e+01 5.5791e+01 2.7831e+02 2
2.0000e+02 3.7699e-02 1.1729e-01 4.2317e+01 2.2081e+02 5.2181e+00 1.0676e+01 4.0948e+01 2.1803e+02 2
3.5500e+02 6.4054e-02 8.4474e-02 8.9558e+01 1.0339e+03 1.1544e+01 2.7563e+01 8.6577e+01 3.7204e+02 2
2.7200e+02 9.1455e-02 4.8869e-03 6.3789e+01 7.1895e+02 1.1271e+01 2.0086e+01 6.0691e+01 2.8692e+02 2
3.4162e+02 9.1979e-02 7.4002e-02 8.5043e+01 1.3708e+03 1.6119e+01 2.9029e+01 7.9935e+01 3.8513e+02 2
1.6032e+02 1.7698e-01 1.6336e-01 3.7217e+01 3.4188e+02 9.1861e+00 3.0889e+01 2.0760e+01 1.8757e+02 2
3.0130e+02 1.0978e-01 3.5605e-02 6.4616e+01 9.4277e+02 1.4590e+01 2.9046e+01 5.7720e+01 3.3577e+02 2
1.5500e+02 1.7279e-01 1.1868e-01 3.8940e+01 4.1511e+02 1.0660e+01 2.5837e+01 2.9134e+01 1.8482e+02 2
1.4400e+02 1.2060e-01 4.6077e-02 1.9648e+01 7.0426e+01 3.5845e+00 1.8131e+01 7.5695e+00 1.6037e+02 2
1.7800e+02 1.7087e-01 2.1293e-01 4.1542e+01 4.8944e+02 1.1782e+01 3.5748e+01 2.1162e+01 2.1591e+02 3
1.9500e+02 1.3910e-01 2.0525e-01 3.7462e+01 3.2838e+02 8.7657e+00 3.5024e+01 1.3295e+01 2.3259e+02 3
4.3509e+02 7.6969e-02 1.6127e-01 1.2360e+02 1.3423e+03 1.0860e+01 3.7385e+01 1.1781e+02 4.3320e+02 3
2.5000e+02 4.7124e-02 1.3963e-02 7.0907e+01 2.2415e+02 3.1611e+00 9.1022e+00 7.0320e+01 2.3228e+02 3
3.3951e+02 4.5379e-02 3.0020e-02 8.8630e+01 3.3108e+02 3.7355e+00 1.9826e+01 8.7621e+01 3.0779e+02 3
2.3600e+02 1.2462e-01 2.0176e-01 4.8451e+01 2.3688e+02 4.8891e+00 3.6007e+01 3.2420e+01 2.4497e+02 3
4.8147e+02 7.8540e-02 1.6057e-02 7.9059e+01 1.1543e+03 1.4601e+01 3.3929e+01 7.1408e+01 5.0189e+02 3
2.5200e+02 1.0612e-01 3.1416e-02 3.8544e+01 4.9379e+02 1.2811e+01 2.5541e+01 2.8867e+01 2.8066e+02 3
1.7252e+02 1.2723e-01 3.8397e-02 3.7544e+01 1.9222e+02 5.1199e+00 1.9322e+01 3.2190e+01 1.7493e+02 3
1.2100e+02 1.7418e-01 9.0757e-02 2.4437e+01 1.4447e+02 5.9118e+00 2.2021e+01 1.0595e+01 1.4177e+02 3
1.9636e+02 1.8291e-01 1.4242e-01 5.4583e+01 8.4326e+02 1.5449e+01 3.4149e+01 4.2581e+01 2.3994e+02 3
3.7040e+02 1.0472e-01 0.0000e+00 1.1592e+02 1.3081e+03 1.1284e+01 3.1367e+01 1.1272e+02 3.6598e+02 3
2.6028e+02 7.9063e-02 3.2812e-02 5.8818e+01 2.7726e+02 4.7139e+00 1.7869e+01 5.6038e+01 2.4862e+02 3
5.4465e+02 6.3705e-02 2.0944e-03 1.0079e+02 1.1893e+03 1.1800e+01 2.9412e+01 9.6580e+01 5.5336e+02 3
3.1000e+02 1.7471e-01 1.6546e-01 9.8510e+01 2.7410e+03 2.7825e+01 4.9328e+01 8.5270e+01 3.8898e+02 3
2.7499e+02 1.4713e-01 1.3753e-01 6.6458e+01 1.2174e+03 1.8319e+01 4.0850e+01 5.2421e+01 3.2756e+02 3
2.8132e+02 2.3230e-01 4.3773e-01 1.5788e+02 5.3051e+03 3.3601e+01 4.6384e+01 1.5092e+02 3.9890e+02 3
3.2700e+02 1.4102e-01 8.4474e-02 7.6213e+01 1.6647e+03 2.1842e+01 4.3222e+01 6.2772e+01 3.7926e+02 3
4.7052e+02 1.2741e-01 6.6323e-02 1.5022e+02 2.6579e+03 1.7693e+01 4.7561e+01 1.4250e+02 4.9147e+02 4
2.2300e+02 1.2409e-01 7.9587e-02 3.3096e+01 1.9701e+02 5.9527e+00 3.0455e+01 1.2956e+01 2.5248e+02 4
1.5200e+02 1.6581e-01 2.2759e-01 3.4220e+01 9.4354e+01 2.7573e+00 3.1279e+01 1.3877e+01 1.8061e+02 4
3.0300e+02 6.3355e-02 3.9794e-02 2.2568e+01 1.0250e+02 4.5419e+00 2.1831e+01 5.7205e+00 3.2165e+02 4
2.5000e+02 8.7092e-02 9.2852e-02 2.9638e+01 1.8076e+02 6.0991e+00 2.6142e+01 1.3963e+01 2.8012e+02 4
1.9700e+02 1.3265e-01 7.4002e-02 3.3461e+01 4.0965e+02 1.2243e+01 2.6993e+01 1.9774e+01 2.3178e+02 4
1.9700e+02 1.3265e-01 7.4002e-02 3.3461e+01 4.0965e+02 1.2243e+01 2.6993e+01 1.9774e+01 2.3178e+02 4
2.1641e+02 1.1781e-01 6.8417e-02 5.3600e+01 2.8045e+02 5.2322e+00 2.2791e+01 4.8513e+01 2.1537e+02 4
1.7800e+02 1.4957e-01 9.9135e-02 4.0291e+01 4.7440e+02 1.1775e+01 2.5921e+01 3.0845e+01 2.0918e+02 4
1.8500e+02 1.4975e-01 8.5172e-02 3.9891e+01 3.6175e+02 9.0683e+00 2.6861e+01 2.9493e+01 2.1018e+02 4
3.9100e+02 5.8119e-02 1.1170e-02 3.5780e+01 2.6515e+02 7.4105e+00 2.2131e+01 2.8114e+01 4.0099e+02 4
5.0200e+02 6.5275e-02 2.7925e-02 5.3239e+01 8.3427e+02 1.5670e+01 3.3331e+01 4.1515e+01 5.4404e+02 4
1.7600e+02 8.9884e-02 7.6794e-02 2.0589e+01 7.9705e+01 3.8714e+00 1.8226e+01 9.5751e+00 1.9199e+02 4
1.4500e+02 1.1764e-01 1.1030e-01 2.1219e+01 8.2456e+01 3.8859e+00 2.0303e+01 6.1667e+00 1.6251e+02 4
1.2413e+02 1.3195e-01 1.0891e-01 2.0593e+01 7.8343e+01 3.8044e+00 1.8462e+01 9.1212e+00 1.3489e+02 4
1.0300e+02 1.5813e-01 2.9182e-01 2.3755e+01 7.8258e+01 3.2944e+00 2.2324e+01 8.1208e+00 1.2498e+02 4
1.7241e+03 5.2709e-02 -2.0944e-02 4.0413e+02 3.0540e+03 7.5570e+00 7.1428e+01 3.9919e+02 1.4894e+03 5
1.3857e+03 9.2328e-02 8.9361e-02 2.0248e+02 8.7850e+03 4.3387e+01 1.4309e+02 1.4326e+02 1.5246e+03 5
1.0842e+03 7.3478e-02 0.0000e+00 1.9190e+02 2.9380e+03 1.5310e+01 6.6564e+01 1.7998e+02 1.0641e+03 5
6.4937e+02 1.0751e-01 1.8850e-02 2.0711e+02 3.3444e+03 1.6148e+01 5.0547e+01 2.0085e+02 6.2391e+02 5
1.5000e+03 5.6549e-02 5.0265e-02 3.7510e+02 4.7595e+03 1.2689e+01 7.8446e+01 3.6680e+02 1.3362e+03 5
7.7000e+02 4.1628e-02 2.4346e-03 1.7502e+02 3.4609e+02 1.9774e+00 2.5222e+01 1.7319e+02 6.5480e+02 5
6.5000e+02 4.1015e-02 1.4521e-01 2.1681e+02 4.2753e+02 1.9719e+00 3.3765e+01 2.1417e+02 5.2870e+02 5
6.9197e+02 2.6005e-02 8.6568e-02 1.9068e+02 3.0427e+02 1.5957e+00 2.3976e+01 1.8916e+02 5.9432e+02 5
1.4618e+03 4.0841e-02 4.9567e-02 3.9185e+02 5.5740e+03 1.4225e+01 5.7231e+01 3.8764e+02 1.4288e+03 5
1.4967e+03 1.0385e-01 8.2380e-02 6.4028e+02 1.1072e+04 1.7293e+01 1.0829e+02 6.3105e+02 1.1783e+03 5
1.1118e+03 9.8786e-02 7.1209e-02 3.8699e+02 7.6597e+03 1.9793e+01 8.6025e+01 3.7730e+02 9.9098e+02 5
1.2707e+03 7.8889e-02 6.5624e-02 5.5535e+02 3.6130e+03 6.5057e+00 6.8782e+01 5.5108e+02 8.9519e+02 5
1.6479e+03 8.0983e-02 8.6568e-02 5.7677e+02 1.1852e+04 2.0550e+01 1.1144e+02 5.6590e+02 1.4029e+03 5
1.5359e+03 8.8488e-02 4.1888e-03 6.3735e+02 1.0814e+04 1.6967e+01 9.6610e+01 6.3217e+02 1.1978e+03 5
2.1000e+03 6.1959e-02 -4.5379e-02 3.9048e+02 1.6641e+04 4.2616e+01 1.2590e+02 3.8064e+02 2.0730e+03 6
1.8000e+03 3.4208e-02 4.2586e-02 3.0106e+02 4.4062e+03 1.4635e+01 6.7625e+01 2.9337e+02 1.7424e+03 6
2.1000e+03 1.2165e-01 3.7769e-01 4.5055e+02 3.5672e+04 7.9173e+01 4.3610e+02 1.1320e+02 2.4615e+03 6
1.6661e+03 1.2392e-02 5.8451e-02 7.2931e+01 1.4022e+03 1.9227e+01 5.1855e+01 5.8596e+01 1.7466e+03 6
1.7000e+03 4.3982e-02 1.0513e-01 1.2065e+02 1.2331e+04 1.0220e+02 1.2030e+02 -9.2577e+00 2.2122e+03 6
1.9491e+03 5.1798e-02 1.6501e-02 1.7033e+02 3.2121e+03 1.8858e+01 1.0146e+02 1.3682e+02 1.9414e+03 6
1.8500e+03 7.9149e-02 6.9470e-02 2.5362e+02 1.3113e+04 5.1704e+01 1.6007e+02 1.9673e+02 1.9170e+03 6
2.3500e+03 8.1507e-02 2.7157e-01 5.1529e+02 2.7759e+04 5.3870e+01 2.8957e+02 4.2623e+02 2.4577e+03 6
1.8000e+03 9.1979e-02 2.0525e-01 3.6286e+02 1.5022e+04 4.1397e+01 2.1783e+02 2.9020e+02 1.8937e+03 6
1.9000e+03 5.4454e-02 1.1380e-01 2.7262e+02 7.4816e+03 2.7444e+01 1.3836e+02 2.3490e+02 1.9245e+03 6
1.8000e+03 6.9115e-02 1.5708e-01 3.8556e+02 1.3832e+04 3.5874e+01 1.5757e+02 3.5190e+02 1.8230e+03 6
1.8500e+03 7.3304e-02 2.2550e-01 3.2519e+02 8.6450e+03 2.6584e+01 2.0874e+02 2.4935e+02 1.9082e+03 6
1.6500e+03 4.7647e-02 4.3284e-02 2.7443e+02 5.8249e+03 2.1226e+01 8.1240e+01 2.6213e+02 1.6031e+03 6
2.8000e+03 8.3078e-02 1.8431e-01 5.8326e+02 3.1389e+04 5.3816e+01 2.9858e+02 5.0104e+02 2.8966e+03 6
2.3298e+03 6.6148e-02 3.5325e-01 3.7725e+02 2.5369e+04 6.7247e+01 3.3608e+02 1.7139e+02 2.6864e+03 6
2.4000e+03 8.4125e-02 2.2061e-01 5.9604e+02 3.7939e+04 6.3652e+01 2.6135e+02 5.3569e+02 2.4478e+03 6
2.0000e+03 6.7195e-02 1.2427e-01 3.3027e+02 1.5381e+04 4.6571e+01 1.6920e+02 2.8364e+02 2.0631e+03 6
2.0000e+03 1.0699e-01 1.0542e-01 5.2022e+02 4.0088e+04 7.7059e+01 2.0409e+02 4.7852e+02 2.0886e+03 6
2.6000e+03 2.0054e-01 2.0804e-01 1.0634e+03 1.7448e+05 1.6407e+02 4.1869e+02 9.7755e+02 2.6646e+03 6
1.6000e+03 7.1908e-02 -6.6323e-02 4.3694e+02 1.2655e+04 2.8963e+01 1.0373e+02 4.3213e+02 1.4754e+03 6
2.3000e+03 4.5029e-02 1.3683e-01 1.8545e+02 5.0863e+03 2.7427e+01 1.7869e+02 4.9593e+01 2.4806e+03 6
2.6000e+03 6.9988e-02 4.8869e-02 7.4547e+02 3.9846e+04 5.3450e+01 1.5412e+02 7.2937e+02 2.5454e+03 6
