4.9000e-01 2.9000e-01 4.8000e-01 5.0000e-01 5.6000e-01 2.4000e-01 3.5000e-01 1
7.0000e-02 4.0000e-01 4.8000e-01 5.0000e-01 5.4000e-01 3.5000e-01 4.4000e-01 1
5.6000e-01 4.0000e-01 4.8000e-01 5.0000e-01 4.9000e-01 3.7000e-01 4.6000e-01 1
5.9000e-01 4.9000e-01 4.8000e-01 5.0000e-01 5.2000e-01 4.5000e-01 3.6000e-01 1
2.3000e-01 3.2000e-01 4.8000e-01 5.0000e-01 5.5000e-01 2.5000e-01 3.5000e-01 1
6.7000e-01 3.9000e-01 4.8000e-01 5.0000e-01 3.6000e-01 3.8000e-01 4.6000e-01 1
2.9000e-01 2.8000e-01 4.8000e-01 5.0000e-01 4.4000e-01 2.3000e-01 3.4000e-01 1
2.1000e-01 3.4000e-01 4.8000e-01 5.0000e-01 5.1000e-01 2.8000e-01 3.9000e-01 1
2.0000e-01 4.4000e-01 4.8000e-01 5.0000e-01 4.6000e-01 5.1000e-01 5.7000e-01 1
4.2000e-01 4.0000e-01 4.8000e-01 5.0000e-01 5.6000e-01 1.8000e-01 3.0000e-01 1
4.2000e-01 2.4000e-01 4.8000e-01 5.0000e-01 5.7000e-01 2.7000e-01 3.7000e-01 1
2.5000e-01 4.8000e-01 4.8000e-01 5.0000e-01 4.4000e-01 1.7000e-01 2.9000e-01 1
3.9000e-01 3.2000e-01 4.8000e-01 5.0000e-01 4.6000e-01 2.4000e-01 3.5000e-01 1
5.1000e-01 5.0000e-01 4.8000e-01 5.0000e-01 4.6000e-01 3.2000e-01 3.5000e-01 1
2.2000e-01 4.3000e-01 4.8000e-01 5.0000e-01 4.8000e-01 1.6000e-01 2.8000e-01 1
2.5000e-01 4.0000e-01 4.8000e-01 5.0000e-01 4.6000e-01 4.4000e-01 5.2000e-01 1
3.4000e-01 4.5000e-01 4.8000e-01 5.0000e-01 3.8000e-01 2.4000e-01 3.5000e-01 1
4.4000e-01 2.7000e-01 4.8000e-01 5.0000e-01 5.5000e-01 5.2000e-01 5.8000e-01 1
2.3000e-01 4.0000e-01 4.8000e-01 5.0000e-01 3.9000e-01 2.8000e-01 3.8000e-01 1
4.1000e-01 5.7000e-01 4.8000e-01 5.0000e-01 3.9000e-01 2.1000e-01 3.2000e-01 1
4.0000e-01 4.5000e-01 4.8000e-01 5.0000e-01 3.8000e-01 2.2000e-01 0.0000e+00 1
3.1000e-01 2.3000e-01 4.8000e-01 5.0000e-01 7.3000e-01 5.0000e-02 1.4000e-01 1
5.1000e-01 5.4000e-01 4.8000e-01 5.0000e-01 4.1000e-01 3.4000e-01 4.3000e-01 1
3.0000e-01 1.6000e-01 4.8000e-01 5.0000e-01 5.6000e-01 1.1000e-01 2.3000e-01 1
3.6000e-01 3.9000e-01 4.8000e-01 5.0000e-01 4.8000e-01 2.2000e-01 2.3000e-01 1
2.9000e-01 3.7000e-01 4.8000e-01 5.0000e-01 4.8000e-01 4.4000e-01 5.2000e-01 1
2.5000e-01 4.0000e-01 4.8000e-01 5.0000e-01 4.7000e-01 3.3000e-01 4.2000e-01 1
2.1000e-01 5.1000e-01 4.8000e-01 5.0000e-01 5.0000e-01 3.2000e-01 4.1000e-01 1
4.3000e-01 3.7000e-01 4.8000e-01 5.0000e-01 5.3000e-01 3.5000e-01 4.4000e-01 1
4.3000e-01 3.9000e-01 4.8000e-01 5.0000e-01 4.7000e-01 3.1000e-01 4.1000e-01 1
5.3000e-01 3.8000e-01 4.8000e-01 5.0000e-01 4.4000e-01 2.6000e-01 3.6000e-01 1
3.4000e-01 3.3000e-01 4.8000e-01 5.0000e-01 3.8000e-01 3.5000e-01 4.4000e-01 1
5.6000e-01 5.1000e-01 4.8000e-01 5.0000e-01 3.4000e-01 3.7000e-01 4.6000e-01 1
4.0000e-01 2.9000e-01 4.8000e-01 5.0000e-01 4.2000e-01 3.5000e-01 4.4000e-01 1
2.4000e-01 3.5000e-01 4.8000e-01 5.0000e-01 3.1000e-01 1.9000e-01 3.1000e-01 1
3.6000e-01 5.4000e-01 4.8000e-01 5.0000e-01 4.1000e-01 3.8000e-01 4.6000e-01 1
2.9000e-01 5.2000e-01 4.8000e-01 5.0000e-01 4.2000e-01 2.9000e-01 3.9000e-01 1
6.5000e-01 4.7000e-01 4.8000e-01 5.0000e-01 5.9000e-01 3.0000e-01 4.0000e-01 1
3.2000e-01 4.2000e-01 4.8000e-01 5.0000e-01 3.5000e-01 2.8000e-01 3.8000e-01 1
3.8000e-01 4.6000e-01 4.8000e-01 5.0000e-01 4.8000e-01 2.2000e-01 2.9000e-01 1
3.3000e-01 4.5000e-01 4.8000e-01 5.0000e-01 5.2000e-01 3.2000e-01 4.1000e-01 1
3.0000e-01 3.7000e-01 4.8000e-01 5.0000e-01 5.9000e-01 4.1000e-01 4.9000e-01 1
4.0000e-01 5.0000e-01 4.8000e-01 5.0000e-01 4.5000e-01 3.9000e-01 4.7000e-01 1
2.8000e-01 3.8000e-01 4.8000e-01 5.0000e-01 5.0000e-01 3.3000e-01 4.2000e-01 1
6.1000e-01 4.5000e-01 4.8000e-01 5.0000e-01 4.8000e-01 3.5000e-01 4.1000e-01 1
1.7000e-01 3.8000e-01 4.8000e-01 5.0000e-01 4.5000e-01 4.2000e-01 5.0000e-01 1
4.4000e-01 3.5000e-01 4.8000e-01 5.0000e-01 5.5000e-01 5.5000e-01 6.1000e-01 1
4.3000e-01 4.0000e-01 4.8000e-01 5.0000e-01 3.9000e-01 2.8000e-01 3.9000e-01 1
4.2000e-01 3.5000e-01 4.8000e-01 5.0000e-01 5.8000e-01 1.5000e-01 2.7000e-01 1
2.3000e-01 3.3000e-01 4.8000e-01 5.0000e-01 4.3000e-01 3.3000e-01 4.3000e-01 1
3.7000e-01 5.2000e-01 4.8000e-01 5.0000e-01 4.2000e-01 4.2000e-01 3.6000e-01 1
2.9000e-01 3.0000e-01 4.8000e-01 5.0000e-01 4.5000e-01 3.0000e-02 1.7000e-01 1
2.2000e-01 3.6000e-01 4.8000e-01 5.0000e-01 3.5000e-01 3.9000e-01 4.7000e-01 1
2.3000e-01 5.8000e-01 4.8000e-01 5.0000e-01 3.7000e-01 5.3000e-01 5.9000e-01 1
4.7000e-01 4.7000e-01 4.8000e-01 5.0000e-01 2.2000e-01 1.6000e-01 2.6000e-01 1
5.4000e-01 4.7000e-01 4.8000e-01 5.0000e-01 2.8000e-01 3.3000e-01 4.2000e-01 1
5.1000e-01 3.7000e-01 4.8000e-01 5.0000e-01 3.5000e-01 3.6000e-01 4.5000e-01 1
4.0000e-01 3.5000e-01 4.8000e-01 5.0000e-01 4.5000e-01 3.3000e-01 4.2000e-01 1
4.4000e-01 3.4000e-01 4.8000e-01 5.0000e-01 3.0000e-01 3.3000e-01 4.3000e-01 1
4.2000e-01 3.8000e-01 4.8000e-01 5.0000e-01 5.4000e-01 3.4000e-01 4.3000e-01 1
4.4000e-01 5.6000e-01 4.8000e-01 5.0000e-01 5.0000e-01 4.6000e-01 5.4000e-01 1
5.2000e-01 3.6000e-01 4.8000e-01 5.0000e-01 4.1000e-01 2.8000e-01 3.8000e-01 1
3.6000e-01 4.1000e-01 4.8000e-01 5.0000e-01 4.8000e-01 4.7000e-01 5.4000e-01 1
1.8000e-01 3.0000e-01 4.8000e-01 5.0000e-01 4.6000e-01 2.4000e-01 3.5000e-01 1
4.7000e-01 2.9000e-01 4.8000e-01 5.0000e-01 5.1000e-01 3.3000e-01 4.3000e-01 1
2.4000e-01 4.3000e-01 4.8000e-01 5.0000e-01 5.4000e-01 5.2000e-01 5.9000e-01 1
2.5000e-01 3.7000e-01 4.8000e-01 5.0000e-01 4.1000e-01 3.3000e-01 4.2000e-01 1
5.2000e-01 5.7000e-01 4.8000e-01 5.0000e-01 4.2000e-01 4.7000e-01 5.4000e-01 1
2.5000e-01 3.7000e-01 4.8000e-01 5.0000e-01 4.3000e-01 2.6000e-01 3.6000e-01 1
3.5000e-01 4.8000e-01 4.8000e-01 5.0000e-01 5.6000e-01 4.0000e-01 4.8000e-01 1
2.6000e-01 2.6000e-01 4.8000e-01 5.0000e-01 3.4000e-01 2.5000e-01 3.5000e-01 1
4.4000e-01 5.1000e-01 4.8000e-01 5.0000e-01 4.7000e-01 2.6000e-01 3.6000e-01 1
3.7000e-01 5.0000e-01 4.8000e-01 5.0000e-01 4.2000e-01 3.6000e-01 4.5000e-01 1
4.4000e-01 4.2000e-01 4.8000e-01 5.0000e-01 4.2000e-01 2.5000e-01 2.0000e-01 1
2.4000e-01 4.3000e-01 4.8000e-01 5.0000e-01 3.7000e-01 2.8000e-01 3.8000e-01 1
4.2000e-01 3.0000e-01 4.8000e-01 5.0000e-01 4.8000e-01 2.6000e-01 3.6000e-01 1
4.8000e-01 4.2000e-01 4.8000e-01 5.0000e-01 4.5000e-01 2.5000e-01 3.5000e-01 1
4.1000e-01 4.8000e-01 4.8000e-01 5.0000e-01 5.1000e-01 4.4000e-01 5.1000e-01 1
4.4000e-01 2.8000e-01 4.8000e-01 5.0000e-01 4.3000e-01 2.7000e-01 3.7000e-01 1
2.9000e-01 4.1000e-01 4.8000e-01 5.0000e-01 4.8000e-01 3.8000e-01 4.6000e-01 1
3.4000e-01 2.8000e-01 4.8000e-01 5.0000e-01 4.1000e-01 3.5000e-01 4.4000e-01 1
4.1000e-01 4.3000e-01 4.8000e-01 5.0000e-01 4.5000e-01 3.1000e-01 4.1000e-01 1
2.9000e-01 4.7000e-01 4.8000e-01 5.0000e-01 4.1000e-01 2.3000e-01 3.4000e-01 1
3.4000e-01 5.5000e-01 4.8000e-01 5.0000e-01 5.8000e-01 3.1000e-01 4.1000e-01 1
3.6000e-01 5.6000e-01 4.8000e-01 5.0000e-01 4.3000e-01 4.5000e-01 5.3000e-01 1
4.0000e-01 4.6000e-01 4.8000e-01 5.0000e-01 5.2000e-01 4.9000e-01 5.6000e-01 1
5.0000e-01 4.9000e-01 4.8000e-01 5.0000e-01 4.9000e-01 4.6000e-01 5.3000e-01 1
5.2000e-01 4.4000e-01 4.8000e-01 5.0000e-01 3.7000e-01 3.6000e-01 4.2000e-01 1
5.0000e-01 5.1000e-01 4.8000e-01 5.0000e-01 2.7000e-01 2.3000e-01 3.4000e-01 1
5.3000e-01 4.2000e-01 4.8000e-01 5.0000e-01 1.6000e-01 2.9000e-01 3.9000e-01 1
3.4000e-01 4.6000e-01 4.8000e-01 5.0000e-01 5.2000e-01 3.5000e-01 4.4000e-01 1
4.0000e-01 4.2000e-01 4.8000e-01 5.0000e-01 3.7000e-01 2.7000e-01 2.7000e-01 1
4.1000e-01 4.3000e-01 4.8000e-01 5.0000e-01 5.0000e-01 2.4000e-01 2.5000e-01 1
3.0000e-01 4.5000e-01 4.8000e-01 5.0000e-01 3.6000e-01 2.1000e-01 3.2000e-01 1
3.1000e-01 4.7000e-01 4.8000e-01 5.0000e-01 2.9000e-01 2.8000e-01 3.9000e-01 1
6.4000e-01 7.6000e-01 4.8000e-01 5.0000e-01 4.5000e-01 3.5000e-01 3.8000e-01 1
3.5000e-01 3.7000e-01 4.8000e-01 5.0000e-01 3.0000e-01 3.4000e-01 4.3000e-01 1
5.7000e-01 5.4000e-01 4.8000e-01 5.0000e-01 3.7000e-01 2.8000e-01 3.3000e-01 1
6.5000e-01 5.5000e-01 4.8000e-01 5.0000e-01 3.4000e-01 3.7000e-01 2.8000e-01 1
5.1000e-01 4.6000e-01 4.8000e-01 5.0000e-01 5.8000e-01 3.1000e-01 4.1000e-01 1
3.8000e-01 4.0000e-01 4.8000e-01 5.0000e-01 6.3000e-01 2.5000e-01 3.5000e-01 1
2.4000e-01 5.7000e-01 4.8000e-01 5.0000e-01 6.3000e-01 3.4000e-01 4.3000e-01 1
3.8000e-01 2.6000e-01 4.8000e-01 5.0000e-01 5.4000e-01 1.6000e-01 2.8000e-01 1
3.3000e-01 4.7000e-01 4.8000e-01 5.0000e-01 5.3000e-01 1.8000e-01 2.9000e-01 1
2.4000e-01 3.4000e-01 4.8000e-01 5.0000e-01 3.8000e-01 3.0000e-01 4.0000e-01 1
2.6000e-01 5.0000e-01 4.8000e-01 5.0000e-01 4.4000e-01 3.2000e-01 4.1000e-01 1
4.4000e-01 4.9000e-01 4.8000e-01 5.0000e-01 3.9000e-01 3.8000e-01 4.0000e-01 1
4.3000e-01 3.2000e-01 4.8000e-01 5.0000e-01 3.3000e-01 4.5000e-01 5.2000e-01 1
4.9000e-01 4.3000e-01 4.8000e-01 5.0000e-01 4.9000e-01 3.0000e-01 4.0000e-01 1
4.7000e-01 2.8000e-01 4.8000e-01 5.0000e-01 5.6000e-01 2.0000e-01 2.5000e-01 1
3.2000e-01 3.3000e-01 4.8000e-01 5.0000e-01 6.0000e-01 6.0000e-02 2.0000e-01 1
3.4000e-01 3.5000e-01 4.8000e-01 5.0000e-01 5.1000e-01 4.9000e-01 5.6000e-01 1
3.5000e-01 3.4000e-01 4.8000e-01 5.0000e-01 4.6000e-01 3.0000e-01 2.7000e-01 1
3.8000e-01 3.0000e-01 4.8000e-01 5.0000e-01 4.3000e-01 2.9000e-01 3.9000e-01 1
3.8000e-01 4.4000e-01 4.8000e-01 5.0000e-01 4.3000e-01 2.0000e-01 3.1000e-01 1
4.1000e-01 5.1000e-01 4.8000e-01 5.0000e-01 5.8000e-01 2.0000e-01 3.1000e-01 1
3.4000e-01 4.2000e-01 4.8000e-01 5.0000e-01 4.1000e-01 3.4000e-01 4.3000e-01 1
5.1000e-01 4.9000e-01 4.8000e-01 5.0000e-01 5.3000e-01 1.4000e-01 2.6000e-01 1
2.5000e-01 5.1000e-01 4.8000e-01 5.0000e-01 3.7000e-01 4.2000e-01 5.0000e-01 1
2.9000e-01 2.8000e-01 4.8000e-01 5.0000e-01 5.0000e-01 4.2000e-01 5.0000e-01 1
2.5000e-01 2.6000e-01 4.8000e-01 5.0000e-01 3.9000e-01 3.2000e-01 4.2000e-01 1
2.4000e-01 4.1000e-01 4.8000e-01 5.0000e-01 4.9000e-01 2.3000e-01 3.4000e-01 1
1.7000e-01 3.9000e-01 4.8000e-01 5.0000e-01 5.3000e-01 3.0000e-01 3.9000e-01 1
4.0000e-02 3.1000e-01 4.8000e-01 5.0000e-01 4.1000e-01 2.9000e-01 3.9000e-01 1
6.1000e-01 3.6000e-01 4.8000e-01 5.0000e-01 4.9000e-01 3.5000e-01 4.4000e-01 1
3.4000e-01 5.1000e-01 4.8000e-01 5.0000e-01 4.4000e-01 3.7000e-01 4.6000e-01 1
2.8000e-01 3.3000e-01 4.8000e-01 5.0000e-01 4.5000e-01 2.2000e-01 3.3000e-01 1
4.0000e-01 4.6000e-01 4.8000e-01 5.0000e-01 4.2000e-01 3.5000e-01 4.4000e-01 1
2.3000e-01 3.4000e-01 4.8000e-01 5.0000e-01 4.3000e-01 2.6000e-01 3.7000e-01 1
3.7000e-01 4.4000e-01 4.8000e-01 5.0000e-01 4.2000e-01 3.9000e-01 4.7000e-01 1
0.0000e+00 3.8000e-01 4.8000e-01 5.0000e-01 4.2000e-01 4.8000e-01 5.5000e-01 1
3.9000e-01 3.1000e-01 4.8000e-01 5.0000e-01 3.8000e-01 3.4000e-01 4.3000e-01 1
3.0000e-01 4.4000e-01 4.8000e-01 5.0000e-01 4.9000e-01 2.2000e-01 3.3000e-01 1
2.7000e-01 3.0000e-01 4.8000e-01 5.0000e-01 7.1000e-01 2.8000e-01 3.9000e-01 1
1.7000e-01 5.2000e-01 4.8000e-01 5.0000e-01 4.9000e-01 3.7000e-01 4.6000e-01 1
3.6000e-01 4.2000e-01 4.8000e-01 5.0000e-01 5.3000e-01 3.2000e-01 4.1000e-01 1
3.0000e-01 3.7000e-01 4.8000e-01 5.0000e-01 4.3000e-01 1.8000e-01 3.0000e-01 1
2.6000e-01 4.0000e-01 4.8000e-01 5.0000e-01 3.6000e-01 2.6000e-01 3.7000e-01 1
4.0000e-01 4.1000e-01 4.8000e-01 5.0000e-01 5.5000e-01 2.2000e-01 3.3000e-01 1
2.2000e-01 3.4000e-01 4.8000e-01 5.0000e-01 4.2000e-01 2.9000e-01 3.9000e-01 1
4.4000e-01 3.5000e-01 4.8000e-01 5.0000e-01 4.4000e-01 5.2000e-01 5.9000e-01 1
2.7000e-01 4.2000e-01 4.8000e-01 5.0000e-01 3.7000e-01 3.8000e-01 4.3000e-01 1
1.6000e-01 4.3000e-01 4.8000e-01 5.0000e-01 5.4000e-01 2.7000e-01 3.7000e-01 1
6.0000e-02 6.1000e-01 4.8000e-01 5.0000e-01 4.9000e-01 9.2000e-01 3.7000e-01 2
4.4000e-01 5.2000e-01 4.8000e-01 5.0000e-01 4.3000e-01 4.7000e-01 5.4000e-01 2
6.3000e-01 4.7000e-01 4.8000e-01 5.0000e-01 5.1000e-01 8.2000e-01 8.4000e-01 2
2.3000e-01 4.8000e-01 4.8000e-01 5.0000e-01 5.9000e-01 8.8000e-01 8.9000e-01 2
3.4000e-01 4.9000e-01 4.8000e-01 5.0000e-01 5.8000e-01 8.5000e-01 8.0000e-01 2
4.3000e-01 4.0000e-01 4.8000e-01 5.0000e-01 5.8000e-01 7.5000e-01 7.8000e-01 2
4.6000e-01 6.1000e-01 4.8000e-01 5.0000e-01 4.8000e-01 8.6000e-01 8.7000e-01 2
2.7000e-01 3.5000e-01 4.8000e-01 5.0000e-01 5.1000e-01 7.7000e-01 7.9000e-01 2
5.2000e-01 3.9000e-01 4.8000e-01 5.0000e-01 6.5000e-01 7.1000e-01 7.3000e-01 2
2.9000e-01 4.7000e-01 4.8000e-01 5.0000e-01 7.1000e-01 6.5000e-01 6.9000e-01 2
5.5000e-01 4.7000e-01 4.8000e-01 5.0000e-01 5.7000e-01 7.8000e-01 8.0000e-01 2
1.2000e-01 6.7000e-01 4.8000e-01 5.0000e-01 7.4000e-01 5.8000e-01 6.3000e-01 2
4.0000e-01 5.0000e-01 4.8000e-01 5.0000e-01 6.5000e-01 8.2000e-01 8.4000e-01 2
7.3000e-01 3.6000e-01 4.8000e-01 5.0000e-01 5.3000e-01 9.1000e-01 9.2000e-01 2
8.4000e-01 4.4000e-01 4.8000e-01 5.0000e-01 4.8000e-01 7.1000e-01 7.4000e-01 2
4.8000e-01 4.5000e-01 4.8000e-01 5.0000e-01 6.0000e-01 7.8000e-01 8.0000e-01 2
5.4000e-01 4.9000e-01 4.8000e-01 5.0000e-01 4.0000e-01 8.7000e-01 8.8000e-01 2
4.8000e-01 4.1000e-01 4.8000e-01 5.0000e-01 5.1000e-01 9.0000e-01 8.8000e-01 2
5.0000e-01 6.6000e-01 4.8000e-01 5.0000e-01 3.1000e-01 9.2000e-01 9.2000e-01 2
7.2000e-01 4.6000e-01 4.8000e-01 5.0000e-01 5.1000e-01 6.6000e-01 7.0000e-01 2
4.7000e-01 5.5000e-01 4.8000e-01 5.0000e-01 5.8000e-01 7.1000e-01 7.5000e-01 2
3.3000e-01 5.6000e-01 4.8000e-01 5.0000e-01 3.3000e-01 7.8000e-01 8.0000e-01 2
6.4000e-01 5.8000e-01 4.8000e-01 5.0000e-01 4.8000e-01 7.8000e-01 7.3000e-01 2
5.4000e-01 5.7000e-01 4.8000e-01 5.0000e-01 5.6000e-01 8.1000e-01 8.3000e-01 2
4.7000e-01 5.9000e-01 4.8000e-01 5.0000e-01 5.2000e-01 7.6000e-01 7.9000e-01 2
6.3000e-01 5.0000e-01 4.8000e-01 5.0000e-01 5.9000e-01 8.5000e-01 8.6000e-01 2
4.9000e-01 4.2000e-01 4.8000e-01 5.0000e-01 5.3000e-01 7.9000e-01 8.1000e-01 2
3.1000e-01 5.0000e-01 4.8000e-01 5.0000e-01 5.7000e-01 8.4000e-01 8.5000e-01 2
7.4000e-01 4.4000e-01 4.8000e-01 5.0000e-01 5.5000e-01 8.8000e-01 8.9000e-01 2
3.3000e-01 4.5000e-01 4.8000e-01 5.0000e-01 4.5000e-01 8.8000e-01 8.9000e-01 2
4.5000e-01 4.0000e-01 4.8000e-01 5.0000e-01 6.1000e-01 7.4000e-01 7.7000e-01 2
7.1000e-01 4.0000e-01 4.8000e-01 5.0000e-01 7.1000e-01 7.0000e-01 7.4000e-01 2
5.0000e-01 3.7000e-01 4.8000e-01 5.0000e-01 6.6000e-01 6.4000e-01 6.9000e-01 2
6.6000e-01 5.3000e-01 4.8000e-01 5.0000e-01 5.9000e-01 6.6000e-01 6.6000e-01 2
6.0000e-01 6.1000e-01 4.8000e-01 5.0000e-01 5.4000e-01 6.7000e-01 7.1000e-01 2
8.3000e-01 3.7000e-01 4.8000e-01 5.0000e-01 6.1000e-01 7.1000e-01 7.4000e-01 2
3.4000e-01 5.1000e-01 4.8000e-01 5.0000e-01 6.7000e-01 9.0000e-01 9.0000e-01 2
6.3000e-01 5.4000e-01 4.8000e-01 5.0000e-01 6.5000e-01 7.9000e-01 8.1000e-01 2
7.0000e-01 4.0000e-01 4.8000e-01 5.0000e-01 5.6000e-01 8.6000e-01 8.3000e-01 2
6.0000e-01 5.0000e-01 1.0000e+00 5.0000e-01 5.4000e-01 7.7000e-01 8.0000e-01 2
1.6000e-01 5.1000e-01 4.8000e-01 5.0000e-01 3.3000e-01 3.9000e-01 4.8000e-01 2
7.4000e-01 7.0000e-01 4.8000e-01 5.0000e-01 6.6000e-01 6.5000e-01 6.9000e-01 2
2.0000e-01 4.6000e-01 4.8000e-01 5.0000e-01 5.7000e-01 7.8000e-01 8.1000e-01 2
8.9000e-01 5.5000e-01 4.8000e-01 5.0000e-01 5.1000e-01 7.2000e-01 7.6000e-01 2
7.0000e-01 4.6000e-01 4.8000e-01 5.0000e-01 5.6000e-01 7.8000e-01 7.3000e-01 2
1.2000e-01 4.3000e-01 4.8000e-01 5.0000e-01 6.3000e-01 7.0000e-01 7.4000e-01 2
6.1000e-01 5.2000e-01 4.8000e-01 5.0000e-01 5.4000e-01 6.7000e-01 5.2000e-01 2
3.3000e-01 3.7000e-01 4.8000e-01 5.0000e-01 4.6000e-01 6.5000e-01 6.9000e-01 2
6.3000e-01 6.5000e-01 4.8000e-01 5.0000e-01 6.6000e-01 6.7000e-01 7.1000e-01 2
4.1000e-01 5.1000e-01 4.8000e-01 5.0000e-01 5.3000e-01 7.5000e-01 7.8000e-01 2
3.4000e-01 6.7000e-01 4.8000e-01 5.0000e-01 5.2000e-01 7.6000e-01 7.9000e-01 2
5.8000e-01 3.4000e-01 4.8000e-01 5.0000e-01 5.6000e-01 8.7000e-01 8.1000e-01 2
5.9000e-01 5.6000e-01 4.8000e-01 5.0000e-01 5.5000e-01 8.0000e-01 8.2000e-01 2
5.1000e-01 4.0000e-01 4.8000e-01 5.0000e-01 5.7000e-01 6.2000e-01 6.7000e-01 2
5.0000e-01 5.7000e-01 4.8000e-01 5.0000e-01 7.1000e-01 6.1000e-01 6.6000e-01 2
6.0000e-01 4.6000e-01 4.8000e-01 5.0000e-01 4.5000e-01 8.1000e-01 8.3000e-01 2
3.7000e-01 4.7000e-01 4.8000e-01 5.0000e-01 3.9000e-01 7.6000e-01 7.9000e-01 2
5.8000e-01 5.5000e-01 4.8000e-01 5.0000e-01 5.7000e-01 7.0000e-01 7.4000e-01 2
3.6000e-01 4.7000e-01 4.8000e-01 5.0000e-01 5.1000e-01 6.9000e-01 7.2000e-01 2
3.9000e-01 4.1000e-01 4.8000e-01 5.0000e-01 5.2000e-01 7.2000e-01 7.5000e-01 2
3.5000e-01 5.1000e-01 4.8000e-01 5.0000e-01 6.1000e-01 7.1000e-01 7.4000e-01 2
3.1000e-01 4.4000e-01 4.8000e-01 5.0000e-01 5.0000e-01 7.9000e-01 8.2000e-01 2
6.1000e-01 6.6000e-01 4.8000e-01 5.0000e-01 4.6000e-01 8.7000e-01 8.8000e-01 2
4.8000e-01 4.9000e-01 4.8000e-01 5.0000e-01 5.2000e-01 7.7000e-01 7.1000e-01 2
1.1000e-01 5.0000e-01 4.8000e-01 5.0000e-01 5.8000e-01 7.2000e-01 6.8000e-01 2
3.1000e-01 3.6000e-01 4.8000e-01 5.0000e-01 5.8000e-01 9.4000e-01 9.4000e-01 2
6.8000e-01 5.1000e-01 4.8000e-01 5.0000e-01 7.1000e-01 7.5000e-01 7.8000e-01 2
6.9000e-01 3.9000e-01 4.8000e-01 5.0000e-01 5.7000e-01 7.6000e-01 7.9000e-01 2
5.2000e-01 5.4000e-01 4.8000e-01 5.0000e-01 6.2000e-01 7.6000e-01 7.9000e-01 2
4.6000e-01 5.9000e-01 4.8000e-01 5.0000e-01 3.6000e-01 7.6000e-01 2.3000e-01 2
3.6000e-01 4.5000e-01 4.8000e-01 5.0000e-01 3.8000e-01 7.9000e-01 1.7000e-01 2
0.0000e+00 5.1000e-01 4.8000e-01 5.0000e-01 3.5000e-01 6.7000e-01 4.4000e-01 2
1.0000e-01 4.9000e-01 4.8000e-01 5.0000e-01 4.1000e-01 6.7000e-01 2.1000e-01 2
3.0000e-01 5.1000e-01 4.8000e-01 5.0000e-01 4.2000e-01 6.1000e-01 3.4000e-01 2
6.1000e-01 4.7000e-01 4.8000e-01 5.0000e-01 0.0000e+00 8.0000e-01 3.2000e-01 2
6.3000e-01 7.5000e-01 4.8000e-01 5.0000e-01 6.4000e-01 7.3000e-01 6.6000e-01 2
7.1000e-01 5.2000e-01 4.8000e-01 5.0000e-01 6.4000e-01 1.0000e+00 9.9000e-01 2
8.5000e-01 5.3000e-01 4.8000e-01 5.0000e-01 5.3000e-01 5.2000e-01 3.5000e-01 8
6.3000e-01 4.9000e-01 4.8000e-01 5.0000e-01 5.4000e-01 7.6000e-01 7.9000e-01 8
7.5000e-01 5.5000e-01 1.0000e+00 1.0000e+00 4.0000e-01 4.7000e-01 3.0000e-01 7
7.0000e-01 3.9000e-01 1.0000e+00 5.0000e-01 5.1000e-01 8.2000e-01 8.4000e-01 7
7.2000e-01 4.2000e-01 4.8000e-01 5.0000e-01 6.5000e-01 7.7000e-01 7.9000e-01 4
7.9000e-01 4.1000e-01 4.8000e-01 5.0000e-01 6.6000e-01 8.1000e-01 8.3000e-01 4
8.3000e-01 4.8000e-01 4.8000e-01 5.0000e-01 6.5000e-01 7.6000e-01 7.9000e-01 4
6.9000e-01 4.3000e-01 4.8000e-01 5.0000e-01 5.9000e-01 7.4000e-01 7.7000e-01 4
7.9000e-01 3.6000e-01 4.8000e-01 5.0000e-01 4.6000e-01 8.2000e-01 7.0000e-01 4
7.8000e-01 3.3000e-01 4.8000e-01 5.0000e-01 5.7000e-01 7.7000e-01 7.9000e-01 4
7.5000e-01 3.7000e-01 4.8000e-01 5.0000e-01 6.4000e-01 7.0000e-01 7.4000e-01 4
5.9000e-01 2.9000e-01 4.8000e-01 5.0000e-01 6.4000e-01 7.5000e-01 7.7000e-01 4
6.7000e-01 3.7000e-01 4.8000e-01 5.0000e-01 5.4000e-01 6.4000e-01 6.8000e-01 4
6.6000e-01 4.8000e-01 4.8000e-01 5.0000e-01 5.4000e-01 7.0000e-01 7.4000e-01 4
6.4000e-01 4.6000e-01 4.8000e-01 5.0000e-01 4.8000e-01 7.3000e-01 7.6000e-01 4
7.6000e-01 7.1000e-01 4.8000e-01 5.0000e-01 5.0000e-01 7.1000e-01 7.5000e-01 4
8.4000e-01 4.9000e-01 4.8000e-01 5.0000e-01 5.5000e-01 7.8000e-01 7.4000e-01 4
7.7000e-01 5.5000e-01 4.8000e-01 5.0000e-01 5.1000e-01 7.8000e-01 7.4000e-01 4
8.1000e-01 4.4000e-01 4.8000e-01 5.0000e-01 4.2000e-01 6.7000e-01 6.8000e-01 4
5.8000e-01 6.0000e-01 4.8000e-01 5.0000e-01 5.9000e-01 7.3000e-01 7.6000e-01 4
6.3000e-01 4.2000e-01 4.8000e-01 5.0000e-01 4.8000e-01 7.7000e-01 8.0000e-01 4
6.2000e-01 4.2000e-01 4.8000e-01 5.0000e-01 5.8000e-01 7.9000e-01 8.1000e-01 4
8.6000e-01 3.9000e-01 4.8000e-01 5.0000e-01 5.9000e-01 8.9000e-01 9.0000e-01 4
8.1000e-01 5.3000e-01 4.8000e-01 5.0000e-01 5.7000e-01 8.7000e-01 8.8000e-01 4
8.7000e-01 4.9000e-01 4.8000e-01 5.0000e-01 6.1000e-01 7.6000e-01 7.9000e-01 4
4.7000e-01 4.6000e-01 4.8000e-01 5.0000e-01 6.2000e-01 7.4000e-01 7.7000e-01 4
7.6000e-01 4.1000e-01 4.8000e-01 5.0000e-01 5.0000e-01 5.9000e-01 6.2000e-01 4
7.0000e-01 5.3000e-01 4.8000e-01 5.0000e-01 7.0000e-01 8.6000e-01 8.7000e-01 4
6.4000e-01 4.5000e-01 4.8000e-01 5.0000e-01 6.7000e-01 6.1000e-01 6.6000e-01 4
8.1000e-01 5.2000e-01 4.8000e-01 5.0000e-01 5.7000e-01 7.8000e-01 8.0000e-01 4
7.3000e-01 2.6000e-01 4.8000e-01 5.0000e-01 5.7000e-01 7.5000e-01 7.8000e-01 4
4.9000e-01 6.1000e-01 1.0000e+00 5.0000e-01 5.6000e-01 7.1000e-01 7.4000e-01 4
8.8000e-01 4.2000e-01 4.8000e-01 5.0000e-01 5.2000e-01 7.3000e-01 7.5000e-01 4
8.4000e-01 5.4000e-01 4.8000e-01 5.0000e-01 7.5000e-01 9.2000e-01 7.0000e-01 4
6.3000e-01 5.1000e-01 4.8000e-01 5.0000e-01 6.4000e-01 7.2000e-01 7.6000e-01 4
8.6000e-01 5.5000e-01 4.8000e-01 5.0000e-01 6.3000e-01 8.1000e-01 8.3000e-01 4
7.9000e-01 5.4000e-01 4.8000e-01 5.0000e-01 5.0000e-01 6.6000e-01 6.8000e-01 4
5.7000e-01 3.8000e-01 4.8000e-01 5.0000e-01 6.0000e-02 4.9000e-01 3.3000e-01 4
7.8000e-01 4.4000e-01 4.8000e-01 5.0000e-01 4.5000e-01 7.3000e-01 6.8000e-01 4
7.8000e-01 6.8000e-01 4.8000e-01 5.0000e-01 8.3000e-01 4.0000e-01 2.9000e-01 5
6.3000e-01 6.9000e-01 4.8000e-01 5.0000e-01 6.5000e-01 4.1000e-01 2.8000e-01 5
6.7000e-01 8.8000e-01 4.8000e-01 5.0000e-01 7.3000e-01 5.0000e-01 2.5000e-01 5
6.1000e-01 7.5000e-01 4.8000e-01 5.0000e-01 5.1000e-01 3.3000e-01 3.3000e-01 5
6.7000e-01 8.4000e-01 4.8000e-01 5.0000e-01 7.4000e-01 5.4000e-01 3.7000e-01 5
7.4000e-01 9.0000e-01 4.8000e-01 5.0000e-01 5.7000e-01 5.3000e-01 2.9000e-01 5
7.3000e-01 8.4000e-01 4.8000e-01 5.0000e-01 8.6000e-01 5.8000e-01 2.9000e-01 5
7.5000e-01 7.6000e-01 4.8000e-01 5.0000e-01 8.3000e-01 5.7000e-01 3.0000e-01 5
7.7000e-01 5.7000e-01 4.8000e-01 5.0000e-01 8.8000e-01 5.3000e-01 2.0000e-01 5
7.4000e-01 7.8000e-01 4.8000e-01 5.0000e-01 7.5000e-01 5.4000e-01 1.5000e-01 5
6.8000e-01 7.6000e-01 4.8000e-01 5.0000e-01 8.4000e-01 4.5000e-01 2.7000e-01 5
5.6000e-01 6.8000e-01 4.8000e-01 5.0000e-01 7.7000e-01 3.6000e-01 4.5000e-01 5
6.5000e-01 5.1000e-01 4.8000e-01 5.0000e-01 6.6000e-01 5.4000e-01 3.3000e-01 5
5.2000e-01 8.1000e-01 4.8000e-01 5.0000e-01 7.2000e-01 3.8000e-01 3.8000e-01 5
6.4000e-01 5.7000e-01 4.8000e-01 5.0000e-01 7.0000e-01 3.3000e-01 2.6000e-01 5
6.0000e-01 7.6000e-01 1.0000e+00 5.0000e-01 7.7000e-01 5.9000e-01 5.2000e-01 5
6.9000e-01 5.9000e-01 4.8000e-01 5.0000e-01 7.7000e-01 3.9000e-01 2.1000e-01 5
6.3000e-01 4.9000e-01 4.8000e-01 5.0000e-01 7.9000e-01 4.5000e-01 2.8000e-01 5
7.1000e-01 7.1000e-01 4.8000e-01 5.0000e-01 6.8000e-01 4.3000e-01 3.6000e-01 5
6.8000e-01 6.3000e-01 4.8000e-01 5.0000e-01 7.3000e-01 4.0000e-01 3.0000e-01 5
7.7000e-01 5.7000e-01 1.0000e+00 5.0000e-01 3.7000e-01 5.4000e-01 1.0000e-02 6
6.6000e-01 4.9000e-01 1.0000e+00 5.0000e-01 5.4000e-01 5.6000e-01 3.6000e-01 6
7.1000e-01 4.6000e-01 1.0000e+00 5.0000e-01 5.2000e-01 5.9000e-01 3.0000e-01 6
6.7000e-01 5.5000e-01 1.0000e+00 5.0000e-01 6.6000e-01 5.8000e-01 1.6000e-01 6
6.8000e-01 4.9000e-01 1.0000e+00 5.0000e-01 6.2000e-01 5.5000e-01 2.8000e-01 6
7.4000e-01 4.9000e-01 4.8000e-01 5.0000e-01 4.2000e-01 5.4000e-01 3.6000e-01 3
7.0000e-01 6.1000e-01 4.8000e-01 5.0000e-01 5.6000e-01 5.2000e-01 4.3000e-01 3
6.6000e-01 8.6000e-01 4.8000e-01 5.0000e-01 3.4000e-01 4.1000e-01 3.6000e-01 3
7.3000e-01 7.8000e-01 4.8000e-01 5.0000e-01 5.8000e-01 5.1000e-01 3.1000e-01 3
6.5000e-01 5.7000e-01 4.8000e-01 5.0000e-01 4.7000e-01 4.7000e-01 5.1000e-01 3
7.2000e-01 8.6000e-01 4.8000e-01 5.0000e-01 1.7000e-01 5.5000e-01 2.1000e-01 3
6.7000e-01 7.0000e-01 4.8000e-01 5.0000e-01 4.6000e-01 4.5000e-01 3.3000e-01 3
6.7000e-01 8.1000e-01 4.8000e-01 5.0000e-01 5.4000e-01 4.9000e-01 2.3000e-01 3
6.7000e-01 6.1000e-01 4.8000e-01 5.0000e-01 5.1000e-01 3.7000e-01 3.8000e-01 3
6.3000e-01 1.0000e+00 4.8000e-01 5.0000e-01 3.5000e-01 5.1000e-01 4.9000e-01 3
5.7000e-01 5.9000e-01 4.8000e-01 5.0000e-01 3.9000e-01 4.7000e-01 3.3000e-01 3
7.1000e-01 7.1000e-01 4.8000e-01 5.0000e-01 4.0000e-01 5.4000e-01 3.9000e-01 3
6.6000e-01 7.4000e-01 4.8000e-01 5.0000e-01 3.1000e-01 3.8000e-01 4.3000e-01 3
6.7000e-01 8.1000e-01 4.8000e-01 5.0000e-01 2.5000e-01 4.2000e-01 2.5000e-01 3
6.4000e-01 7.2000e-01 4.8000e-01 5.0000e-01 4.9000e-01 4.2000e-01 1.9000e-01 3
6.8000e-01 8.2000e-01 4.8000e-01 5.0000e-01 3.8000e-01 6.5000e-01 5.6000e-01 3
3.2000e-01 3.9000e-01 4.8000e-01 5.0000e-01 5.3000e-01 2.8000e-01 3.8000e-01 3
7.0000e-01 6.4000e-01 4.8000e-01 5.0000e-01 4.7000e-01 5.1000e-01 4.7000e-01 3
6.3000e-01 5.7000e-01 4.8000e-01 5.0000e-01 4.9000e-01 7.0000e-01 2.0000e-01 3
7.4000e-01 8.2000e-01 4.8000e-01 5.0000e-01 4.9000e-01 4.9000e-01 4.1000e-01 3
6.3000e-01 8.6000e-01 4.8000e-01 5.0000e-01 3.9000e-01 4.7000e-01 3.4000e-01 3
6.3000e-01 8.3000e-01 4.8000e-01 5.0000e-01 4.0000e-01 3.9000e-01 1.9000e-01 3
6.3000e-01 7.1000e-01 4.8000e-01 5.0000e-01 6.0000e-01 4.0000e-01 3.9000e-01 3
7.1000e-01 8.6000e-01 4.8000e-01 5.0000e-01 4.0000e-01 5.4000e-01 3.2000e-01 3
6.8000e-01 7.8000e-01 4.8000e-01 5.0000e-01 4.3000e-01 4.4000e-01 4.2000e-01 3
6.4000e-01 8.4000e-01 4.8000e-01 5.0000e-01 3.7000e-01 4.5000e-01 4.0000e-01 3
7.4000e-01 4.7000e-01 4.8000e-01 5.0000e-01 5.0000e-01 5.7000e-01 4.2000e-01 3
7.5000e-01 8.4000e-01 4.8000e-01 5.0000e-01 3.5000e-01 5.2000e-01 3.3000e-01 3
6.3000e-01 6.5000e-01 4.8000e-01 5.0000e-01 3.9000e-01 4.4000e-01 3.5000e-01 3
6.9000e-01 6.7000e-01 4.8000e-01 5.0000e-01 3.0000e-01 3.9000e-01 2.4000e-01 3
7.0000e-01 7.1000e-01 4.8000e-01 5.0000e-01 4.2000e-01 8.4000e-01 8.5000e-01 3
6.9000e-01 8.0000e-01 4.8000e-01 5.0000e-01 4.6000e-01 5.7000e-01 2.6000e-01 3
6.4000e-01 6.6000e-01 4.8000e-01 5.0000e-01 4.1000e-01 3.9000e-01 2.0000e-01 3
6.3000e-01 8.0000e-01 4.8000e-01 5.0000e-01 4.6000e-01 3.1000e-01 2.9000e-01 3
6.6000e-01 7.1000e-01 4.8000e-01 5.0000e-01 4.1000e-01 5.0000e-01 3.5000e-01 3
6.9000e-01 5.9000e-01 4.8000e-01 5.0000e-01 4.6000e-01 4.4000e-01 5.2000e-01 3
6.8000e-01 6.7000e-01 4.8000e-01 5.0000e-01 4.9000e-01 4.0000e-01 3.4000e-01 3
6.4000e-01 7.8000e-01 4.8000e-01 5.0000e-01 5.0000e-01 3.6000e-01 3.8000e-01 3
6.2000e-01 7.8000e-01 4.8000e-01 5.0000e-01 4.7000e-01 4.9000e-01 5.4000e-01 3
7.6000e-01 7.3000e-01 4.8000e-01 5.0000e-01 4.4000e-01 3.9000e-01 3.9000e-01 3
6.4000e-01 8.1000e-01 4.8000e-01 5.0000e-01 3.7000e-01 3.9000e-01 4.4000e-01 3
2.9000e-01 3.9000e-01 4.8000e-01 5.0000e-01 5.2000e-01 4.0000e-01 4.8000e-01 3
6.2000e-01 8.3000e-01 4.8000e-01 5.0000e-01 4.6000e-01 3.6000e-01 4.0000e-01 3
5.6000e-01 5.4000e-01 4.8000e-01 5.0000e-01 4.3000e-01 3.7000e-01 3.0000e-01 3
6.9000e-01 6.6000e-01 4.8000e-01 5.0000e-01 4.1000e-01 5.0000e-01 2.5000e-01 3
6.9000e-01 6.5000e-01 4.8000e-01 5.0000e-01 6.3000e-01 4.8000e-01 4.1000e-01 3
4.3000e-01 5.9000e-01 4.8000e-01 5.0000e-01 5.2000e-01 4.9000e-01 5.6000e-01 3
7.4000e-01 5.6000e-01 4.8000e-01 5.0000e-01 4.7000e-01 6.8000e-01 3.0000e-01 3
7.1000e-01 5.7000e-01 4.8000e-01 5.0000e-01 4.8000e-01 3.5000e-01 3.2000e-01 3
6.1000e-01 6.0000e-01 4.8000e-01 5.0000e-01 4.4000e-01 3.9000e-01 3.8000e-01 3
5.9000e-01 6.1000e-01 4.8000e-01 5.0000e-01 4.2000e-01 4.2000e-01 3.7000e-01 3
7.4000e-01 7.4000e-01 4.8000e-01 5.0000e-01 3.1000e-01 5.3000e-01 5.2000e-01 3
