1.5157e+00 1.3290e+01 3.4500e+00 1.2100e+00 7.2740e+01 5.6000e-01 8.5700e+00 0.0000e+00 0.0000e+00 1
1.5267e+00 1.3990e+01 3.7000e+00 7.1000e-01 7.1570e+01 2.0000e-02 9.8200e+00 0.0000e+00 1.0000e-01 1
1.5151e+00 1.4010e+01 2.6800e+00 3.5000e+00 6.9890e+01 1.6800e+00 5.8700e+00 2.2000e+00 0.0000e+00 5
1.5177e+00 1.3210e+01 3.6900e+00 1.2900e+00 7.2610e+01 5.7000e-01 8.2200e+00 0.0000e+00 0.0000e+00 1
1.5207e+00 1.3550e+01 2.0900e+00 1.6700e+00 7.2180e+01 5.3000e-01 9.5700e+00 2.7000e-01 1.7000e-01 2
1.5171e+00 1.3480e+01 3.4800e+00 1.7100e+00 7.2520e+01 6.2000e-01 7.9900e+00 0.0000e+00 0.0000e+00 2
1.5184e+00 1.2850e+01 3.6700e+00 1.2400e+00 7.2570e+01 6.2000e-01 8.6800e+00 0.0000e+00 3.5000e-01 2
1.5187e+00 1.2930e+01 3.6600e+00 1.5600e+00 7.2510e+01 5.8000e-01 8.5500e+00 0.0000e+00 1.2000e-01 2
1.5179e+00 1.2730e+01 3.4300e+00 1.1900e+00 7.2950e+01 6.2000e-01 8.7600e+00 0.0000e+00 3.0000e-01 1
1.5162e+00 1.4950e+01 0.0000e+00 2.2700e+00 7.3300e+01 0.0000e+00 8.7100e+00 6.7000e-01 0.0000e+00 7
1.5162e+00 1.4140e+01 0.0000e+00 2.8800e+00 7.2610e+01 8.0000e-02 9.1800e+00 1.0600e+00 0.0000e+00 7
1.5167e+00 1.3300e+01 3.6400e+00 1.5300e+00 7.2530e+01 6.5000e-01 8.0300e+00 0.0000e+00 2.9000e-01 2
1.5218e+00 1.3750e+01 1.0100e+00 1.3600e+00 7.2190e+01 3.3000e-01 1.1140e+01 0.0000e+00 0.0000e+00 2
1.5175e+00 1.2820e+01 3.5500e+00 1.4900e+00 7.2750e+01 5.4000e-01 8.5200e+00 0.0000e+00 1.9000e-01 1
1.5213e+00 1.4320e+01 3.9000e+00 8.3000e-01 7.1500e+01 0.0000e+00 9.4900e+00 0.0000e+00 0.0000e+00 3
1.5191e+00 1.3600e+01 3.6200e+00 1.1100e+00 7.2640e+01 1.4000e-01 8.7600e+00 0.0000e+00 0.0000e+00 1
1.5168e+00 1.4560e+01 0.0000e+00 1.9800e+00 7.3290e+01 0.0000e+00 8.5200e+00 1.5700e+00 7.0000e-02 7
1.5167e+00 1.2940e+01 3.6100e+00 1.2600e+00 7.2750e+01 5.6000e-01 8.6000e+00 0.0000e+00 0.0000e+00 2
1.5221e+00 1.4210e+01 3.8200e+00 4.7000e-01 7.1770e+01 1.1000e-01 9.5700e+00 0.0000e+00 0.0000e+00 1
1.5159e+00 1.2860e+01 3.5200e+00 2.1200e+00 7.2660e+01 6.9000e-01 7.9700e+00 0.0000e+00 0.0000e+00 2
1.5161e+00 1.3420e+01 3.4000e+00 1.2200e+00 7.2690e+01 5.9000e-01 8.3200e+00 0.0000e+00 0.0000e+00 3
1.5175e+00 1.3000e+01 3.6000e+00 1.3600e+00 7.2990e+01 5.7000e-01 8.4000e+00 0.0000e+00 1.1000e-01 1
1.5212e+00 1.4030e+01 3.7600e+00 5.8000e-01 7.1790e+01 1.1000e-01 9.6500e+00 0.0000e+00 0.0000e+00 3
1.5183e+00 1.3330e+01 3.3400e+00 1.5400e+00 7.2140e+01 5.6000e-01 8.9900e+00 0.0000e+00 0.0000e+00 3
1.5162e+00 1.4200e+01 0.0000e+00 2.7900e+00 7.3460e+01 4.0000e-02 9.0400e+00 4.0000e-01 9.0000e-02 7
1.5278e+00 1.2640e+01 0.0000e+00 6.7000e-01 7.2020e+01 6.0000e-02 1.4400e+01 0.0000e+00 0.0000e+00 2
1.5160e+00 1.2790e+01 3.6100e+00 1.6200e+00 7.2970e+01 6.4000e-01 8.0700e+00 0.0000e+00 2.6000e-01 1
1.5189e+00 1.4990e+01 7.8000e-01 1.7400e+00 7.2500e+01 0.0000e+00 9.9500e+00 0.0000e+00 0.0000e+00 6
1.5171e+00 1.4230e+01 0.0000e+00 2.0800e+00 7.3360e+01 0.0000e+00 8.6200e+00 1.6700e+00 0.0000e+00 7
1.5221e+00 1.4210e+01 3.8200e+00 4.7000e-01 7.1770e+01 1.1000e-01 9.5700e+00 0.0000e+00 0.0000e+00 1
1.5162e+00 1.3010e+01 3.5000e+00 1.4800e+00 7.2890e+01 6.0000e-01 8.1200e+00 0.0000e+00 0.0000e+00 2
1.5174e+00 1.3270e+01 3.6200e+00 1.2400e+00 7.3080e+01 5.5000e-01 8.0700e+00 0.0000e+00 0.0000e+00 1
1.5222e+00 1.4430e+01 0.0000e+00 1.0000e+00 7.2670e+01 1.0000e-01 1.1520e+01 0.0000e+00 8.0000e-02 2
1.5113e+00 1.3690e+01 3.2000e+00 1.8100e+00 7.2810e+01 1.7600e+00 5.4300e+00 1.1900e+00 0.0000e+00 7
1.5174e+00 1.3300e+01 3.6000e+00 1.1400e+00 7.3090e+01 5.8000e-01 8.1700e+00 0.0000e+00 0.0000e+00 1
1.5171e+00 1.2890e+01 3.6200e+00 1.5700e+00 7.2960e+01 6.1000e-01 8.1100e+00 0.0000e+00 0.0000e+00 2
1.5167e+00 1.2790e+01 3.5200e+00 1.5400e+00 7.3360e+01 6.6000e-01 7.9000e+00 0.0000e+00 0.0000e+00 2
1.5184e+00 1.3140e+01 2.8400e+00 1.2800e+00 7.2850e+01 5.5000e-01 9.0700e+00 0.0000e+00 0.0000e+00 1
1.5157e+00 1.2720e+01 3.4600e+00 1.5600e+00 7.3200e+01 6.7000e-01 8.0900e+00 0.0000e+00 2.4000e-01 1
1.5178e+00 1.3080e+01 3.4900e+00 1.2800e+00 7.2860e+01 6.0000e-01 8.4900e+00 0.0000e+00 0.0000e+00 1
1.5165e+00 1.3560e+01 3.5700e+00 1.4700e+00 7.2450e+01 6.4000e-01 7.9600e+00 0.0000e+00 0.0000e+00 2
1.5199e+00 1.3270e+01 0.0000e+00 1.7600e+00 7.3030e+01 4.7000e-01 1.1320e+01 0.0000e+00 0.0000e+00 5
1.5184e+00 1.4320e+01 3.2600e+00 2.2200e+00 7.1250e+01 1.4600e+00 5.7900e+00 1.6300e+00 0.0000e+00 7
1.5183e+00 1.4390e+01 0.0000e+00 1.8200e+00 7.2860e+01 1.4100e+00 6.4700e+00 2.8800e+00 0.0000e+00 7
1.5159e+00 1.2820e+01 3.5200e+00 1.9000e+00 7.2860e+01 6.9000e-01 7.9700e+00 0.0000e+00 0.0000e+00 2
1.5237e+00 1.3440e+01 0.0000e+00 1.5800e+00 7.2220e+01 3.2000e-01 1.2240e+01 0.0000e+00 0.0000e+00 5
1.5167e+00 1.3240e+01 3.5700e+00 1.3800e+00 7.2700e+01 5.6000e-01 8.4400e+00 0.0000e+00 1.0000e-01 3
1.5169e+00 1.3230e+01 3.5400e+00 1.4800e+00 7.2840e+01 5.6000e-01 8.1000e+00 0.0000e+00 0.0000e+00 2
1.5180e+00 1.2740e+01 3.4800e+00 1.3500e+00 7.2960e+01 6.4000e-01 8.6800e+00 0.0000e+00 0.0000e+00 1
1.5156e+00 1.3870e+01 0.0000e+00 2.5400e+00 7.3230e+01 1.4000e-01 9.4100e+00 8.1000e-01 1.0000e-02 7
1.5178e+00 1.2680e+01 3.6700e+00 1.1600e+00 7.3110e+01 6.1000e-01 8.7000e+00 0.0000e+00 0.0000e+00 1
1.5159e+00 1.2880e+01 3.4300e+00 1.4000e+00 7.3280e+01 6.9000e-01 8.0500e+00 0.0000e+00 2.4000e-01 1
1.5177e+00 1.2560e+01 3.5200e+00 1.4300e+00 7.3150e+01 5.7000e-01 8.5400e+00 0.0000e+00 0.0000e+00 1
1.5175e+00 1.2710e+01 3.4200e+00 1.2000e+00 7.3200e+01 5.9000e-01 8.6400e+00 0.0000e+00 0.0000e+00 1
1.5176e+00 1.2800e+01 3.6600e+00 1.2700e+00 7.3010e+01 6.0000e-01 8.5600e+00 0.0000e+00 0.0000e+00 1
1.5165e+00 1.3040e+01 3.4000e+00 1.2600e+00 7.3010e+01 5.2000e-01 8.5800e+00 0.0000e+00 0.0000e+00 3
1.5163e+00 1.2710e+01 3.3300e+00 1.4900e+00 7.3280e+01 6.7000e-01 8.2400e+00 0.0000e+00 0.0000e+00 2
1.5171e+00 1.3000e+01 3.4700e+00 1.7900e+00 7.2720e+01 6.6000e-01 8.1800e+00 0.0000e+00 0.0000e+00 2
1.5197e+00 1.4560e+01 0.0000e+00 5.6000e-01 7.3480e+01 0.0000e+00 1.1220e+01 0.0000e+00 0.0000e+00 6
1.5151e+00 1.4850e+01 0.0000e+00 2.4200e+00 7.3720e+01 0.0000e+00 8.3900e+00 5.6000e-01 0.0000e+00 7
1.5185e+00 1.3640e+01 3.8700e+00 1.2700e+00 7.1960e+01 5.4000e-01 8.3200e+00 0.0000e+00 3.2000e-01 2
1.5202e+00 1.3980e+01 1.3500e+00 1.6300e+00 7.1760e+01 3.9000e-01 1.0560e+01 0.0000e+00 1.8000e-01 2
1.5160e+00 1.3020e+01 3.5600e+00 1.5400e+00 7.3110e+01 7.2000e-01 7.9000e+00 0.0000e+00 0.0000e+00 2
1.5165e+00 1.4940e+01 0.0000e+00 1.8700e+00 7.3110e+01 0.0000e+00 8.6700e+00 1.3800e+00 0.0000e+00 7
1.5181e+00 1.3430e+01 3.9800e+00 1.1800e+00 7.2490e+01 5.8000e-01 8.1500e+00 0.0000e+00 0.0000e+00 2
1.5181e+00 1.3000e+01 3.8000e+00 1.0800e+00 7.3070e+01 5.6000e-01 8.3800e+00 0.0000e+00 1.2000e-01 2
1.5161e+00 1.5010e+01 0.0000e+00 2.5100e+00 7.3050e+01 5.0000e-02 8.8300e+00 5.3000e-01 0.0000e+00 7
1.5194e+00 1.3790e+01 2.4100e+00 1.1900e+00 7.2760e+01 0.0000e+00 9.7700e+00 0.0000e+00 0.0000e+00 6
1.5185e+00 1.4090e+01 2.1900e+00 1.6600e+00 7.2670e+01 0.0000e+00 9.3200e+00 0.0000e+00 0.0000e+00 6
1.5274e+00 1.1020e+01 0.0000e+00 7.5000e-01 7.3080e+01 0.0000e+00 1.4960e+01 0.0000e+00 0.0000e+00 2
1.5179e+00 1.2790e+01 3.5000e+00 1.1200e+00 7.3030e+01 6.4000e-01 8.7700e+00 0.0000e+00 0.0000e+00 1
1.5183e+00 1.4460e+01 2.2400e+00 1.6200e+00 7.2380e+01 0.0000e+00 9.2600e+00 0.0000e+00 0.0000e+00 6
1.5191e+00 1.4000e+01 2.3900e+00 1.5600e+00 7.2370e+01 0.0000e+00 9.5700e+00 0.0000e+00 0.0000e+00 6
1.5185e+00 1.3100e+01 3.9700e+00 1.1900e+00 7.2440e+01 6.0000e-01 8.4300e+00 0.0000e+00 0.0000e+00 2
1.5180e+00 1.3710e+01 3.9300e+00 1.5400e+00 7.1810e+01 5.4000e-01 8.2100e+00 0.0000e+00 1.5000e-01 2
1.5190e+00 1.3490e+01 3.4800e+00 1.3500e+00 7.1950e+01 5.5000e-01 9.0000e+00 0.0000e+00 0.0000e+00 1
1.5151e+00 1.5150e+01 0.0000e+00 2.2500e+00 7.3500e+01 0.0000e+00 8.3400e+00 6.3000e-01 0.0000e+00 7
1.5223e+00 1.4170e+01 3.8100e+00 7.8000e-01 7.1350e+01 0.0000e+00 9.6900e+00 0.0000e+00 0.0000e+00 1
1.5175e+00 1.2860e+01 3.5600e+00 1.2700e+00 7.3210e+01 5.4000e-01 8.3800e+00 0.0000e+00 1.7000e-01 1
1.5161e+00 1.3920e+01 3.5200e+00 1.2500e+00 7.2880e+01 3.7000e-01 7.9400e+00 0.0000e+00 1.4000e-01 2
1.5208e+00 1.3780e+01 2.2800e+00 1.4300e+00 7.1990e+01 4.9000e-01 9.8500e+00 0.0000e+00 1.7000e-01 2
1.5222e+00 1.3210e+01 3.7700e+00 7.9000e-01 7.1990e+01 1.3000e-01 1.0020e+01 0.0000e+00 0.0000e+00 1
1.5232e+00 1.3720e+01 3.7200e+00 5.1000e-01 7.1750e+01 9.0000e-02 1.0060e+01 0.0000e+00 1.6000e-01 1
1.5197e+00 1.2640e+01 0.0000e+00 1.6500e+00 7.3750e+01 3.8000e-01 1.1530e+01 0.0000e+00 0.0000e+00 5
1.5159e+00 1.3090e+01 3.5900e+00 1.5200e+00 7.3100e+01 6.7000e-01 7.8300e+00 0.0000e+00 0.0000e+00 2
1.5166e+00 1.3410e+01 3.3900e+00 1.2800e+00 7.2640e+01 5.2000e-01 8.6500e+00 0.0000e+00 0.0000e+00 3
1.5160e+00 1.2900e+01 3.4400e+00 1.4500e+00 7.3060e+01 4.4000e-01 8.2700e+00 0.0000e+00 0.0000e+00 2
1.5177e+00 1.2450e+01 2.7100e+00 1.2900e+00 7.3700e+01 5.6000e-01 9.0600e+00 0.0000e+00 2.4000e-01 1
1.5164e+00 1.4370e+01 0.0000e+00 2.7400e+00 7.2850e+01 0.0000e+00 9.4500e+00 5.4000e-01 0.0000e+00 7
1.5173e+00 1.2350e+01 2.7200e+00 1.6300e+00 7.2870e+01 7.0000e-01 9.2300e+00 0.0000e+00 0.0000e+00 2
1.5163e+00 1.3340e+01 3.5700e+00 1.5700e+00 7.2870e+01 6.1000e-01 7.8900e+00 0.0000e+00 0.0000e+00 2
1.5217e+00 1.1560e+01 1.8800e+00 1.5600e+00 7.2860e+01 4.7000e-01 1.1410e+01 0.0000e+00 0.0000e+00 5
1.5167e+00 1.2860e+01 0.0000e+00 1.8300e+00 7.3880e+01 9.7000e-01 1.0170e+01 0.0000e+00 0.0000e+00 5
1.5176e+00 1.2610e+01 3.5900e+00 1.3100e+00 7.3290e+01 5.8000e-01 8.5000e+00 0.0000e+00 0.0000e+00 1
1.5185e+00 1.3410e+01 3.8900e+00 1.3300e+00 7.2380e+01 5.1000e-01 8.2800e+00 0.0000e+00 0.0000e+00 2
1.5177e+00 1.2650e+01 3.5600e+00 1.3000e+00 7.3080e+01 6.1000e-01 8.6900e+00 0.0000e+00 1.4000e-01 1
1.5161e+00 1.3330e+01 3.5300e+00 1.3400e+00 7.2670e+01 5.6000e-01 8.3300e+00 0.0000e+00 0.0000e+00 3
1.5192e+00 1.4150e+01 0.0000e+00 2.0900e+00 7.2740e+01 0.0000e+00 1.0880e+01 0.0000e+00 0.0000e+00 6
1.5177e+00 1.2850e+01 3.4800e+00 1.2300e+00 7.2970e+01 6.1000e-01 8.5600e+00 9.0000e-02 2.2000e-01 1
1.5167e+00 1.2870e+01 3.5600e+00 1.6400e+00 7.3140e+01 6.5000e-01 7.9900e+00 0.0000e+00 0.0000e+00 2
1.5236e+00 1.5790e+01 1.8300e+00 1.3100e+00 7.0430e+01 3.1000e-01 8.6100e+00 1.6800e+00 0.0000e+00 7
1.5169e+00 1.2670e+01 2.8800e+00 1.7100e+00 7.3210e+01 7.3000e-01 8.5400e+00 0.0000e+00 0.0000e+00 2
1.5191e+00 1.3900e+01 3.7300e+00 1.1800e+00 7.2120e+01 6.0000e-02 8.8900e+00 0.0000e+00 0.0000e+00 1
1.5185e+00 1.3200e+01 3.6300e+00 1.0700e+00 7.2830e+01 5.7000e-01 8.4100e+00 9.0000e-02 1.7000e-01 2
1.5221e+00 1.4190e+01 3.7800e+00 9.1000e-01 7.1360e+01 2.3000e-01 9.1400e+00 0.0000e+00 3.7000e-01 3
1.5232e+00 1.3440e+01 3.3400e+00 1.2300e+00 7.2380e+01 6.0000e-01 8.8300e+00 0.0000e+00 0.0000e+00 7
1.5210e+00 1.3640e+01 4.4900e+00 1.1000e+00 7.1780e+01 6.0000e-02 8.7500e+00 0.0000e+00 0.0000e+00 1
1.5178e+00 1.2690e+01 3.5400e+00 1.3400e+00 7.2950e+01 5.7000e-01 8.7500e+00 0.0000e+00 0.0000e+00 1
1.5130e+00 1.4400e+01 1.7400e+00 1.5400e+00 7.4550e+01 0.0000e+00 7.5900e+00 0.0000e+00 0.0000e+00 6
1.5339e+00 1.2300e+01 0.0000e+00 1.0000e+00 7.0160e+01 1.2000e-01 1.6190e+01 0.0000e+00 2.4000e-01 2
1.5217e+00 1.3480e+01 3.7400e+00 9.0000e-01 7.2010e+01 1.8000e-01 9.6100e+00 0.0000e+00 7.0000e-02 1
1.5159e+00 1.3120e+01 3.4100e+00 1.5800e+00 7.3260e+01 7.0000e-02 8.3900e+00 0.0000e+00 1.9000e-01 2
1.5163e+00 1.3000e+01 3.5800e+00 1.5400e+00 7.2830e+01 6.1000e-01 8.0400e+00 0.0000e+00 0.0000e+00 2
1.5221e+00 1.3730e+01 3.8400e+00 7.2000e-01 7.1760e+01 1.7000e-01 9.7400e+00 0.0000e+00 0.0000e+00 1
1.5180e+00 1.3500e+01 3.3600e+00 1.6300e+00 7.1940e+01 5.7000e-01 8.8100e+00 0.0000e+00 9.0000e-02 3
1.5165e+00 1.3400e+01 3.4900e+00 1.5200e+00 7.2650e+01 6.7000e-01 8.0800e+00 0.0000e+00 1.0000e-01 2
1.5157e+00 1.3240e+01 3.4900e+00 1.4700e+00 7.3250e+01 3.8000e-01 8.0300e+00 0.0000e+00 0.0000e+00 2
1.5166e+00 1.2850e+01 3.5100e+00 1.4400e+00 7.3010e+01 6.8000e-01 8.2300e+00 6.0000e-02 2.5000e-01 2
1.5191e+00 1.3890e+01 3.5300e+00 1.3200e+00 7.1810e+01 5.1000e-01 8.7800e+00 1.1000e-01 0.0000e+00 1
1.5218e+00 1.3200e+01 3.6800e+00 1.1500e+00 7.2750e+01 5.4000e-01 8.5200e+00 0.0000e+00 0.0000e+00 2
1.5215e+00 1.3050e+01 3.6500e+00 8.7000e-01 7.2220e+01 1.9000e-01 9.8500e+00 0.0000e+00 1.7000e-01 1
1.5192e+00 1.4040e+01 3.5800e+00 1.3700e+00 7.2080e+01 5.6000e-01 8.3000e+00 0.0000e+00 0.0000e+00 1
1.5215e+00 1.1030e+01 1.7100e+00 1.5600e+00 7.3440e+01 5.8000e-01 1.1620e+01 0.0000e+00 0.0000e+00 5
1.5169e+00 1.4920e+01 0.0000e+00 1.9900e+00 7.3060e+01 0.0000e+00 8.4000e+00 1.5900e+00 0.0000e+00 7
1.5182e+00 1.2870e+01 3.4800e+00 1.2900e+00 7.2950e+01 6.0000e-01 8.4300e+00 0.0000e+00 0.0000e+00 1
1.5165e+00 1.4380e+01 0.0000e+00 1.9400e+00 7.3610e+01 0.0000e+00 8.4800e+00 1.5700e+00 0.0000e+00 7
1.5175e+00 1.2810e+01 3.5700e+00 1.3500e+00 7.3020e+01 6.2000e-01 8.5900e+00 0.0000e+00 0.0000e+00 1
1.5171e+00 1.3720e+01 3.6800e+00 1.8100e+00 7.2060e+01 6.4000e-01 7.8800e+00 0.0000e+00 0.0000e+00 2
1.5172e+00 1.2870e+01 3.4800e+00 1.3300e+00 7.3040e+01 5.6000e-01 8.4300e+00 0.0000e+00 0.0000e+00 1
1.5225e+00 1.4860e+01 2.2000e+00 2.0600e+00 7.0260e+01 7.6000e-01 9.7600e+00 0.0000e+00 0.0000e+00 7
1.5184e+00 1.3020e+01 3.6200e+00 1.0600e+00 7.2340e+01 6.4000e-01 9.1300e+00 0.0000e+00 1.5000e-01 2
1.5181e+00 1.3330e+01 3.8500e+00 1.2500e+00 7.2780e+01 5.2000e-01 8.1200e+00 0.0000e+00 0.0000e+00 2
1.5166e+00 1.2990e+01 3.1800e+00 1.2300e+00 7.2970e+01 5.8000e-01 8.8100e+00 0.0000e+00 2.4000e-01 2
1.5266e+00 1.1230e+01 0.0000e+00 7.7000e-01 7.3210e+01 0.0000e+00 1.4680e+01 0.0000e+00 0.0000e+00 2
1.5172e+00 1.4750e+01 0.0000e+00 2.0000e+00 7.3020e+01 0.0000e+00 8.5300e+00 1.5900e+00 8.0000e-02 7
1.5160e+00 1.4850e+01 0.0000e+00 2.3800e+00 7.3280e+01 0.0000e+00 8.7600e+00 6.4000e-01 9.0000e-02 7
1.5179e+00 1.3210e+01 3.4800e+00 1.4100e+00 7.2640e+01 5.9000e-01 8.4300e+00 0.0000e+00 0.0000e+00 1
1.5154e+00 1.4140e+01 0.0000e+00 2.6800e+00 7.3390e+01 8.0000e-02 9.0700e+00 6.1000e-01 5.0000e-02 7
1.5169e+00 1.2860e+01 3.5800e+00 1.3100e+00 7.2610e+01 6.1000e-01 8.7900e+00 0.0000e+00 0.0000e+00 3
1.5190e+00 1.3580e+01 3.3500e+00 1.2300e+00 7.2080e+01 5.9000e-01 8.9100e+00 0.0000e+00 0.0000e+00 1
1.5178e+00 1.3640e+01 3.6500e+00 6.5000e-01 7.3000e+01 6.0000e-02 8.9300e+00 0.0000e+00 0.0000e+00 3
1.5176e+00 1.2810e+01 3.5400e+00 1.2300e+00 7.3240e+01 5.8000e-01 8.3900e+00 0.0000e+00 0.0000e+00 1
1.5132e+00 1.3020e+01 0.0000e+00 3.0400e+00 7.0480e+01 6.2100e+00 6.9600e+00 0.0000e+00 0.0000e+00 5
1.5141e+00 1.4250e+01 3.0900e+00 2.0800e+00 7.2280e+01 1.1000e+00 7.0800e+00 0.0000e+00 0.0000e+00 2
1.5206e+00 1.2850e+01 1.6100e+00 2.1700e+00 7.2180e+01 7.6000e-01 9.7000e+00 2.4000e-01 5.1000e-01 5
1.5166e+00 1.2750e+01 2.8500e+00 1.4400e+00 7.3270e+01 5.7000e-01 8.7900e+00 1.1000e-01 2.2000e-01 2
1.5159e+00 1.3240e+01 3.3400e+00 1.4700e+00 7.3100e+01 3.9000e-01 8.2200e+00 0.0000e+00 0.0000e+00 2
1.5172e+00 1.3380e+01 3.5000e+00 1.1500e+00 7.2850e+01 5.0000e-01 8.4300e+00 0.0000e+00 0.0000e+00 1
1.5173e+00 1.4950e+01 0.0000e+00 1.8000e+00 7.2990e+01 0.0000e+00 8.6100e+00 1.5500e+00 0.0000e+00 7
1.5210e+00 1.3690e+01 3.5900e+00 1.1200e+00 7.1960e+01 9.0000e-02 9.4000e+00 0.0000e+00 0.0000e+00 1
1.5174e+00 1.2200e+01 3.2500e+00 1.1600e+00 7.3550e+01 6.2000e-01 8.9000e+00 0.0000e+00 2.4000e-01 2
1.5162e+00 1.3530e+01 3.5500e+00 1.5400e+00 7.2990e+01 3.9000e-01 7.7800e+00 0.0000e+00 0.0000e+00 1
1.5181e+00 1.3430e+01 2.8700e+00 1.1900e+00 7.2840e+01 5.5000e-01 9.0300e+00 0.0000e+00 0.0000e+00 1
1.5164e+00 1.2550e+01 3.4800e+00 1.8700e+00 7.3230e+01 6.3000e-01 8.0800e+00 0.0000e+00 9.0000e-02 2
1.5175e+00 1.3480e+01 3.7400e+00 1.1700e+00 7.2990e+01 5.9000e-01 8.0300e+00 0.0000e+00 0.0000e+00 1
1.5166e+00 1.4800e+01 0.0000e+00 1.9900e+00 7.3110e+01 0.0000e+00 8.2800e+00 1.7100e+00 0.0000e+00 7
1.5178e+00 1.3210e+01 3.3900e+00 1.3300e+00 7.2760e+01 5.9000e-01 8.5900e+00 0.0000e+00 0.0000e+00 1
1.5241e+00 1.3830e+01 2.9000e+00 1.1700e+00 7.1150e+01 8.0000e-02 1.0790e+01 0.0000e+00 0.0000e+00 2
1.5165e+00 1.3410e+01 3.5500e+00 1.2500e+00 7.2810e+01 6.8000e-01 8.1000e+00 0.0000e+00 0.0000e+00 2
1.5230e+00 1.3310e+01 3.5800e+00 8.2000e-01 7.1990e+01 1.2000e-01 1.0170e+01 0.0000e+00 3.0000e-02 1
1.5198e+00 1.3810e+01 3.5800e+00 1.3200e+00 7.1720e+01 1.2000e-01 8.6700e+00 6.9000e-01 0.0000e+00 1
1.5157e+00 1.4860e+01 3.6700e+00 1.7400e+00 7.1870e+01 1.6000e-01 7.3600e+00 0.0000e+00 1.2000e-01 2
1.5176e+00 1.3150e+01 3.6100e+00 1.0500e+00 7.3240e+01 5.7000e-01 8.2400e+00 0.0000e+00 0.0000e+00 1
1.5215e+00 1.3120e+01 3.5800e+00 9.0000e-01 7.2200e+01 2.3000e-01 9.8200e+00 0.0000e+00 1.6000e-01 1
1.5204e+00 1.3380e+01 0.0000e+00 1.4000e+00 7.2250e+01 3.3000e-01 1.2500e+01 0.0000e+00 0.0000e+00 5
1.5161e+00 1.3880e+01 1.7800e+00 1.7900e+00 7.3100e+01 0.0000e+00 8.6700e+00 7.6000e-01 0.0000e+00 7
1.5181e+00 1.2960e+01 2.9600e+00 1.4300e+00 7.2920e+01 6.0000e-01 8.7900e+00 1.4000e-01 0.0000e+00 2
1.5177e+00 1.3650e+01 3.6600e+00 1.1100e+00 7.2770e+01 1.1000e-01 8.6000e+00 0.0000e+00 0.0000e+00 3
1.5182e+00 1.3720e+01 0.0000e+00 5.6000e-01 7.4450e+01 0.0000e+00 1.0990e+01 0.0000e+00 0.0000e+00 2
1.5272e+00 1.3800e+01 3.1500e+00 6.6000e-01 7.0570e+01 8.0000e-02 1.1640e+01 0.0000e+00 0.0000e+00 2
1.5197e+00 1.4770e+01 3.7500e+00 2.9000e-01 7.2020e+01 3.0000e-02 9.0000e+00 0.0000e+00 0.0000e+00 1
1.5217e+00 1.3510e+01 3.8600e+00 8.8000e-01 7.1790e+01 2.3000e-01 9.5400e+00 0.0000e+00 1.1000e-01 1
1.5183e+00 1.3240e+01 3.9000e+00 1.4100e+00 7.2330e+01 5.5000e-01 8.3100e+00 0.0000e+00 1.0000e-01 2
1.5165e+00 1.1950e+01 0.0000e+00 1.1900e+00 7.5180e+01 2.7000e+00 8.9300e+00 0.0000e+00 0.0000e+00 7
1.5165e+00 1.3440e+01 3.6100e+00 1.5400e+00 7.2390e+01 6.6000e-01 8.0300e+00 0.0000e+00 0.0000e+00 2
1.5184e+00 1.2930e+01 3.7400e+00 1.1100e+00 7.2280e+01 6.4000e-01 8.9600e+00 0.0000e+00 2.2000e-01 2
1.5122e+00 1.2990e+01 3.4700e+00 1.1200e+00 7.2980e+01 6.2000e-01 8.3500e+00 0.0000e+00 3.1000e-01 1
1.5159e+00 1.3250e+01 3.4500e+00 1.4300e+00 7.3170e+01 6.1000e-01 7.8600e+00 0.0000e+00 0.0000e+00 2
1.5164e+00 1.2160e+01 3.5200e+00 1.3500e+00 7.2890e+01 5.7000e-01 8.5300e+00 0.0000e+00 0.0000e+00 3
1.5132e+00 1.3000e+01 0.0000e+00 3.0200e+00 7.0700e+01 6.2100e+00 6.9300e+00 0.0000e+00 0.0000e+00 5
1.5187e+00 1.3190e+01 3.3700e+00 1.1800e+00 7.2720e+01 5.7000e-01 8.8300e+00 0.0000e+00 1.6000e-01 1
1.5175e+00 1.3390e+01 3.6600e+00 1.1900e+00 7.2790e+01 5.7000e-01 8.2700e+00 0.0000e+00 1.1000e-01 1
1.5182e+00 1.2620e+01 2.7600e+00 8.3000e-01 7.3810e+01 3.5000e-01 9.4200e+00 0.0000e+00 2.0000e-01 2
1.5179e+00 1.3190e+01 3.9000e+00 1.3000e+00 7.2330e+01 5.5000e-01 8.4400e+00 0.0000e+00 2.8000e-01 2
1.5178e+00 1.3210e+01 2.8100e+00 1.2900e+00 7.2980e+01 5.1000e-01 9.0200e+00 0.0000e+00 9.0000e-02 1
1.5153e+00 1.4380e+01 0.0000e+00 2.6600e+00 7.3100e+01 4.0000e-02 9.0800e+00 6.4000e-01 0.0000e+00 7
1.5220e+00 1.4360e+01 3.8500e+00 8.9000e-01 7.1360e+01 1.5000e-01 9.1500e+00 0.0000e+00 0.0000e+00 1
1.5169e+00 1.3330e+01 3.5400e+00 1.6100e+00 7.2540e+01 6.8000e-01 8.1100e+00 0.0000e+00 0.0000e+00 2
1.5312e+00 1.0730e+01 0.0000e+00 2.1000e+00 6.9810e+01 5.8000e-01 1.3300e+01 3.1500e+00 2.8000e-01 2
1.5248e+00 1.1450e+01 0.0000e+00 1.8800e+00 7.2190e+01 8.1000e-01 1.3240e+01 0.0000e+00 3.4000e-01 2
1.5111e+00 1.7380e+01 0.0000e+00 3.4000e-01 7.5410e+01 0.0000e+00 6.6500e+00 0.0000e+00 0.0000e+00 6
1.5175e+00 1.2570e+01 3.4700e+00 1.3800e+00 7.3390e+01 6.0000e-01 8.5500e+00 0.0000e+00 6.0000e-02 1
1.5163e+00 1.3360e+01 3.5800e+00 1.4900e+00 7.2720e+01 4.5000e-01 8.2100e+00 0.0000e+00 0.0000e+00 2
1.5193e+00 1.3200e+01 3.3300e+00 1.2800e+00 7.2360e+01 6.0000e-01 9.1400e+00 0.0000e+00 1.1000e-01 1
1.5186e+00 1.3360e+01 3.4300e+00 1.4300e+00 7.2260e+01 5.1000e-01 8.6000e+00 0.0000e+00 0.0000e+00 2
1.5184e+00 1.3250e+01 3.7600e+00 1.3200e+00 7.2400e+01 5.8000e-01 8.4200e+00 0.0000e+00 0.0000e+00 2
1.5261e+00 1.3700e+01 0.0000e+00 1.3600e+00 7.1240e+01 1.9000e-01 1.3440e+01 0.0000e+00 1.0000e-01 2
1.5176e+00 1.3890e+01 3.6000e+00 1.3600e+00 7.2730e+01 4.8000e-01 7.8300e+00 0.0000e+00 0.0000e+00 1
1.5207e+00 1.4360e+01 0.0000e+00 2.0200e+00 7.3420e+01 0.0000e+00 8.4400e+00 1.6400e+00 0.0000e+00 7
1.5212e+00 1.2970e+01 3.3000e-01 1.5100e+00 7.3390e+01 1.3000e-01 1.1270e+01 0.0000e+00 2.8000e-01 5
1.5178e+00 1.3530e+01 3.4100e+00 1.5200e+00 7.2040e+01 5.8000e-01 8.7900e+00 0.0000e+00 0.0000e+00 3
1.5189e+00 1.3460e+01 3.8300e+00 1.2600e+00 7.2550e+01 5.7000e-01 8.2100e+00 0.0000e+00 1.4000e-01 2
1.5193e+00 1.3640e+01 3.5400e+00 7.5000e-01 7.2650e+01 1.6000e-01 8.8900e+00 1.5000e-01 2.4000e-01 3
1.5159e+00 1.3020e+01 3.5800e+00 1.5100e+00 7.3120e+01 6.9000e-01 7.9600e+00 0.0000e+00 0.0000e+00 2
1.5192e+00 1.2730e+01 1.8500e+00 1.8600e+00 7.2690e+01 6.0000e-01 1.0090e+01 0.0000e+00 0.0000e+00 5
1.5173e+00 1.3020e+01 3.5400e+00 1.6900e+00 7.2730e+01 5.4000e-01 8.4400e+00 0.0000e+00 7.0000e-02 1
1.5175e+00 1.2840e+01 3.5000e+00 1.1400e+00 7.3270e+01 5.6000e-01 8.5500e+00 0.0000e+00 0.0000e+00 1
1.5176e+00 1.2980e+01 3.5400e+00 1.2100e+00 7.3000e+01 6.5000e-01 8.5300e+00 0.0000e+00 0.0000e+00 1
1.5167e+00 1.3140e+01 3.4500e+00 1.7600e+00 7.2480e+01 6.0000e-01 8.3800e+00 0.0000e+00 1.7000e-01 3
1.5173e+00 1.4700e+01 0.0000e+00 2.3400e+00 7.3280e+01 0.0000e+00 8.9500e+00 6.6000e-01 0.0000e+00 7
1.5174e+00 1.2780e+01 3.6200e+00 1.2900e+00 7.2790e+01 5.9000e-01 8.7000e+00 0.0000e+00 0.0000e+00 1
1.5166e+00 1.2930e+01 3.5400e+00 1.6200e+00 7.2960e+01 6.4000e-01 8.0300e+00 0.0000e+00 2.1000e-01 2
1.5215e+00 1.3050e+01 3.6500e+00 8.7000e-01 7.2320e+01 1.9000e-01 9.8500e+00 0.0000e+00 1.7000e-01 1
1.5159e+00 1.3090e+01 3.5200e+00 1.5500e+00 7.2870e+01 6.8000e-01 8.0500e+00 0.0000e+00 9.0000e-02 2
