1.1999e+02 1.5730e+02 7.4997e+01 7.8400e-03 7.0000e-05 3.7000e-03 5.5400e-03 1.1090e-02 4.3740e-02 4.2600e-01 2.1820e-02 3.1300e-02 2.9710e-02 6.5450e-02 2.2110e-02 2.1033e+01 4.1478e-01 8.1529e-01 -4.8130e+00 2.6648e-01 2.3014e+00 2.8465e-01 2
1.2240e+02 1.4865e+02 1.1382e+02 9.6800e-03 8.0000e-05 4.6500e-03 6.9600e-03 1.3940e-02 6.1340e-02 6.2600e-01 3.1340e-02 4.5180e-02 4.3680e-02 9.4030e-02 1.9290e-02 1.9085e+01 4.5836e-01 8.1952e-01 -4.0752e+00 3.3559e-01 2.4869e+00 3.6867e-01 2
1.1668e+02 1.3111e+02 1.1156e+02 1.0500e-02 9.0000e-05 5.4400e-03 7.8100e-03 1.6330e-02 5.2330e-02 4.8200e-01 2.7570e-02 3.8580e-02 3.5900e-02 8.2700e-02 1.3090e-02 2.0651e+01 4.2990e-01 8.2529e-01 -4.4432e+00 3.1117e-01 2.3423e+00 3.3263e-01 2
1.1668e+02 1.3787e+02 1.1137e+02 9.9700e-03 9.0000e-05 5.0200e-03 6.9800e-03 1.5050e-02 5.4920e-02 5.1700e-01 2.9240e-02 4.0050e-02 3.7720e-02 8.7710e-02 1.3530e-02 2.0644e+01 4.3497e-01 8.1924e-01 -4.1175e+00 3.3415e-01 2.4056e+00 3.6897e-01 2
1.1601e+02 1.4178e+02 1.1066e+02 1.2840e-02 1.1000e-04 6.5500e-03 9.0800e-03 1.9660e-02 6.4250e-02 5.8400e-01 3.4900e-02 4.8250e-02 4.4650e-02 1.0470e-01 1.7670e-02 1.9649e+01 4.1736e-01 8.2348e-01 -3.7478e+00 2.3451e-01 2.3322e+00 4.1034e-01 2
1.2055e+02 1.3116e+02 1.1379e+02 9.6800e-03 8.0000e-05 4.6300e-03 7.5000e-03 1.3880e-02 4.7010e-02 4.5600e-01 2.3280e-02 3.5260e-02 3.2430e-02 6.9850e-02 1.2220e-02 2.1378e+01 4.1556e-01 8.2507e-01 -4.2429e+00 2.9911e-01 2.1876e+00 3.5778e-01 2
1.2027e+02 1.3724e+02 1.1482e+02 3.3300e-03 3.0000e-05 1.5500e-03 2.0200e-03 4.6600e-03 1.6080e-02 1.4000e-01 7.7900e-03 9.3700e-03 1.3510e-02 2.3370e-02 6.0700e-03 2.4886e+01 5.9604e-01 7.6411e-01 -5.6343e+00 2.5768e-01 1.8548e+00 2.1176e-01 2
1.0733e+02 1.1384e+02 1.0431e+02 2.9000e-03 3.0000e-05 1.4400e-03 1.8200e-03 4.3100e-03 1.5670e-02 1.3400e-01 8.2900e-03 9.4600e-03 1.2560e-02 2.4870e-02 3.4400e-03 2.6892e+01 6.3742e-01 7.6326e-01 -6.1676e+00 1.8372e-01 2.0647e+00 1.6376e-01 2
9.5730e+01 1.3207e+02 9.1754e+01 5.5100e-03 6.0000e-05 2.9300e-03 3.3200e-03 8.8000e-03 2.0930e-02 1.9100e-01 1.0730e-02 1.2770e-02 1.7170e-02 3.2180e-02 1.0700e-02 2.1812e+01 6.1555e-01 7.7359e-01 -5.4987e+00 3.2777e-01 2.3225e+00 2.3157e-01 2
9.5056e+01 1.2010e+02 9.1226e+01 5.3200e-03 6.0000e-05 2.6800e-03 3.3200e-03 8.0300e-03 2.8380e-02 2.5500e-01 1.4410e-02 1.7250e-02 2.4440e-02 4.3240e-02 1.0220e-02 2.1862e+01 5.4704e-01 7.9846e-01 -5.0119e+00 3.2600e-01 2.4328e+00 2.7136e-01 2
8.8333e+01 1.1224e+02 8.4072e+01 5.0500e-03 6.0000e-05 2.5400e-03 3.3000e-03 7.6300e-03 2.1430e-02 1.9700e-01 1.0790e-02 1.3420e-02 1.8920e-02 3.2370e-02 1.1660e-02 2.1118e+01 6.1114e-01 7.7616e-01 -5.2498e+00 3.9100e-01 2.4073e+00 2.4974e-01 2
9.1904e+01 1.1587e+02 8.6292e+01 5.4000e-03 6.0000e-05 2.8100e-03 3.3600e-03 8.4400e-03 2.7520e-02 2.4900e-01 1.4240e-02 1.6410e-02 2.2140e-02 4.2720e-02 1.1410e-02 2.1414e+01 5.8339e-01 7.9252e-01 -4.9602e+00 3.6357e-01 2.6425e+00 2.7593e-01 2
1.3693e+02 1.5987e+02 1.3128e+02 2.9300e-03 2.0000e-05 1.1800e-03 1.5300e-03 3.5500e-03 1.2590e-02 1.1200e-01 6.5600e-03 7.1700e-03 1.1400e-02 1.9680e-02 5.8100e-03 2.5703e+01 4.6060e-01 6.4685e-01 -6.5471e+00 1.5281e-01 2.0413e+00 1.3851e-01 2
1.3917e+02 1.7914e+02 7.6556e+01 3.9000e-03 3.0000e-05 1.6500e-03 2.0800e-03 4.9600e-03 1.6420e-02 1.5400e-01 7.2800e-03 9.3200e-03 1.7970e-02 2.1840e-02 1.0410e-02 2.4889e+01 4.3017e-01 6.6583e-01 -5.6602e+00 2.5499e-01 2.5194e+00 1.9989e-01 2
1.5284e+02 1.6331e+02 7.5836e+01 2.9400e-03 2.0000e-05 1.2100e-03 1.4900e-03 3.6400e-03 1.8280e-02 1.5800e-01 1.0640e-02 9.7200e-03 1.2460e-02 3.1910e-02 6.0900e-03 2.4922e+01 4.7479e-01 6.5403e-01 -6.1051e+00 2.0365e-01 2.1256e+00 1.7010e-01 2
1.4217e+02 2.1746e+02 8.3159e+01 3.6900e-03 3.0000e-05 1.5700e-03 2.0300e-03 4.7100e-03 1.5030e-02 1.2600e-01 7.7200e-03 8.8800e-03 1.3590e-02 2.3160e-02 8.3900e-03 2.5175e+01 5.6592e-01 6.5824e-01 -5.3401e+00 2.1019e-01 2.2055e+00 2.3459e-01 2
1.4419e+02 3.4926e+02 8.2764e+01 5.4400e-03 4.0000e-05 2.1100e-03 2.9200e-03 6.3200e-03 2.0470e-02 1.9200e-01 9.6900e-03 1.2000e-02 2.0740e-02 2.9080e-02 1.8590e-02 2.2333e+01 5.6738e-01 6.4469e-01 -5.4400e+00 2.3976e-01 2.2645e+00 2.1816e-01 2
1.6878e+02 2.3218e+02 7.5603e+01 7.1800e-03 4.0000e-05 2.8400e-03 3.8700e-03 8.5300e-03 3.3270e-02 3.4800e-01 1.4410e-02 1.8930e-02 3.4300e-02 4.3220e-02 2.9190e-02 2.0376e+01 6.3110e-01 6.0542e-01 -2.9311e+00 4.3433e-01 3.0075e+00 4.3079e-01 2
1.5305e+02 1.7583e+02 6.8623e+01 7.4200e-03 5.0000e-05 3.6400e-03 4.3200e-03 1.0920e-02 5.5170e-02 5.4200e-01 2.4710e-02 3.5720e-02 5.7670e-02 7.4130e-02 3.1600e-02 1.7280e+01 6.6532e-01 7.1947e-01 -3.9491e+00 3.5787e-01 3.1090e+00 3.7743e-01 2
1.5641e+02 1.8940e+02 1.4282e+02 7.6800e-03 5.0000e-05 3.7200e-03 3.9900e-03 1.1160e-02 3.9950e-02 3.4800e-01 1.7210e-02 2.3740e-02 4.3100e-02 5.1640e-02 3.3650e-02 1.7153e+01 6.4955e-01 6.8608e-01 -4.5545e+00 3.4018e-01 2.8567e+00 3.2211e-01 2
1.5385e+02 1.6574e+02 6.5782e+01 8.4000e-03 5.0000e-05 4.2800e-03 4.5000e-03 1.2850e-02 3.8100e-02 3.2800e-01 1.6670e-02 2.3830e-02 4.0550e-02 5.0000e-02 3.8710e-02 1.7536e+01 6.6012e-01 7.0409e-01 -4.0954e+00 2.6256e-01 2.7397e+00 3.6539e-01 2
1.5388e+02 1.7286e+02 7.8128e+01 4.8000e-03 3.0000e-05 2.3200e-03 2.6700e-03 6.9600e-03 4.1370e-02 3.7000e-01 2.0210e-02 2.5910e-02 4.5250e-02 6.0620e-02 1.8490e-02 1.9493e+01 6.2902e-01 6.9895e-01 -5.1870e+00 2.3762e-01 2.5575e+00 2.5977e-01 2
1.6793e+02 1.9322e+02 7.9068e+01 4.4200e-03 3.0000e-05 2.2000e-03 2.4700e-03 6.6100e-03 4.3510e-02 3.7700e-01 2.2280e-02 2.5400e-02 4.2460e-02 6.6850e-02 1.2800e-02 2.2468e+01 6.1906e-01 6.7983e-01 -4.3310e+00 2.6238e-01 2.9168e+00 2.8569e-01 2
1.7392e+02 1.9274e+02 8.6180e+01 4.7600e-03 3.0000e-05 2.2100e-03 2.5800e-03 6.6300e-03 4.1920e-02 3.6400e-01 2.1870e-02 2.4700e-02 3.7720e-02 6.5620e-02 1.8400e-02 2.0422e+01 5.3726e-01 6.8689e-01 -5.2488e+00 2.1028e-01 2.5475e+00 2.5356e-01 2
1.6366e+02 2.0084e+02 7.6779e+01 7.4200e-03 5.0000e-05 3.8000e-03 3.9000e-03 1.1400e-02 1.6590e-02 1.6400e-01 7.3800e-03 9.4800e-03 1.4970e-02 2.2140e-02 1.7780e-02 2.3831e+01 3.9794e-01 7.3248e-01 -5.5574e+00 2.2089e-01 2.6922e+00 2.1596e-01 2
1.0440e+02 2.0600e+02 7.7968e+01 6.3300e-03 6.0000e-05 3.1600e-03 3.7500e-03 9.4800e-03 3.7670e-02 3.8100e-01 1.7320e-02 2.2450e-02 3.7800e-02 5.1970e-02 2.8870e-02 2.2066e+01 5.2275e-01 7.3795e-01 -5.5718e+00 2.3685e-01 2.8464e+00 2.1951e-01 2
1.7104e+02 2.0831e+02 7.5501e+01 4.5500e-03 3.0000e-05 2.5000e-03 2.3400e-03 7.5000e-03 1.9660e-02 1.8600e-01 8.8900e-03 1.1690e-02 1.8720e-02 2.6660e-02 1.0950e-02 2.5908e+01 4.1862e-01 7.2092e-01 -6.1836e+00 2.2628e-01 2.5897e+00 1.4740e-01 2
1.4684e+02 2.0870e+02 8.1737e+01 4.9600e-03 3.0000e-05 2.5000e-03 2.7500e-03 7.4900e-03 1.9190e-02 1.9800e-01 8.8300e-03 1.1440e-02 1.8260e-02 2.6500e-02 1.3280e-02 2.5119e+01 3.5877e-01 7.2665e-01 -6.2717e+00 1.9610e-01 2.3142e+00 1.6300e-01 2
1.5536e+02 2.2738e+02 8.0055e+01 3.1000e-03 2.0000e-05 1.5900e-03 1.7600e-03 4.7600e-03 1.7180e-02 1.6100e-01 7.6900e-03 1.0120e-02 1.6610e-02 2.3070e-02 6.7700e-03 2.5970e+01 4.7048e-01 6.7626e-01 -7.1209e+00 2.7979e-01 2.2417e+00 1.0851e-01 2
1.6257e+02 1.9835e+02 7.7630e+01 5.0200e-03 3.0000e-05 2.8000e-03 2.5300e-03 8.4100e-03 1.7910e-02 1.6800e-01 7.9300e-03 1.0570e-02 1.7990e-02 2.3800e-02 1.1700e-02 2.5678e+01 4.2779e-01 7.2380e-01 -6.6357e+00 2.0987e-01 1.9580e+00 1.3524e-01 2
1.9708e+02 2.0690e+02 1.9206e+02 2.8900e-03 1.0000e-05 1.6600e-03 1.6800e-03 4.9800e-03 1.0980e-02 9.7000e-02 5.6300e-03 6.8000e-03 8.0200e-03 1.6890e-02 3.3900e-03 2.6775e+01 4.2223e-01 7.4137e-01 -7.3483e+00 1.7755e-01 1.7439e+00 8.5569e-02 1
1.9923e+02 2.0951e+02 1.9209e+02 2.4100e-03 1.0000e-05 1.3400e-03 1.3800e-03 4.0200e-03 1.0150e-02 8.9000e-02 5.0400e-03 6.4100e-03 7.6200e-03 1.5130e-02 1.6700e-03 3.0940e+01 4.3244e-01 7.4206e-01 -7.6826e+00 1.7332e-01 2.1031e+00 6.8501e-02 1
1.9838e+02 2.1520e+02 1.9310e+02 2.1200e-03 1.0000e-05 1.1300e-03 1.3500e-03 3.3900e-03 1.2630e-02 1.1100e-01 6.4000e-03 8.2500e-03 9.5100e-03 1.9190e-02 1.1900e-03 3.0775e+01 4.6595e-01 7.3870e-01 -7.0679e+00 1.7518e-01 1.5123e+00 9.6320e-02 1
2.0227e+02 2.1160e+02 1.9708e+02 1.8000e-03 9.0000e-06 9.3000e-04 1.0700e-03 2.7800e-03 9.5400e-03 8.5000e-02 4.6900e-03 6.0600e-03 7.1900e-03 1.4070e-02 7.2000e-04 3.2684e+01 3.6854e-01 7.4213e-01 -7.6957e+00 1.7854e-01 1.5446e+00 5.6141e-02 1
2.0318e+02 2.1153e+02 1.9616e+02 1.7800e-03 9.0000e-06 9.4000e-04 1.0600e-03 2.8300e-03 9.5800e-03 8.5000e-02 4.6800e-03 6.1000e-03 7.2600e-03 1.4030e-02 6.5000e-04 3.3047e+01 3.4007e-01 7.4190e-01 -7.9650e+00 1.6352e-01 1.4233e+00 4.4539e-02 1
2.0146e+02 2.1056e+02 1.9571e+02 1.9800e-03 1.0000e-05 1.0500e-03 1.1500e-03 3.1400e-03 1.1940e-02 1.0700e-01 5.8600e-03 7.6000e-03 9.5700e-03 1.7580e-02 1.3500e-03 3.1732e+01 3.4425e-01 7.4274e-01 -7.7777e+00 1.7018e-01 2.4471e+00 5.7610e-02 1
1.7788e+02 1.9292e+02 1.6801e+02 4.1100e-03 2.0000e-05 2.3300e-03 2.4100e-03 7.0000e-03 2.1260e-02 1.8900e-01 1.1540e-02 1.3470e-02 1.6120e-02 3.4630e-02 5.8600e-03 2.3216e+01 3.6015e-01 7.7883e-01 -6.1497e+00 2.1804e-01 2.4771e+00 1.6583e-01 2
1.7617e+02 1.8560e+02 1.6356e+02 3.6900e-03 2.0000e-05 2.0500e-03 2.1800e-03 6.1600e-03 1.8510e-02 1.6800e-01 9.3800e-03 1.1600e-02 1.4910e-02 2.8140e-02 3.4000e-03 2.4951e+01 3.4143e-01 7.8363e-01 -6.0064e+00 1.9637e-01 2.5365e+00 1.7322e-01 2
1.8020e+02 2.0125e+02 1.7546e+02 2.8400e-03 2.0000e-05 1.5300e-03 1.6600e-03 4.5900e-03 1.4440e-02 1.3100e-01 7.2600e-03 8.8500e-03 1.1900e-02 2.1770e-02 2.3100e-03 2.6738e+01 4.0388e-01 7.6621e-01 -6.4521e+00 2.1229e-01 2.2694e+00 1.4193e-01 2
1.8773e+02 2.0232e+02 1.7301e+02 3.1600e-03 2.0000e-05 1.6800e-03 1.8200e-03 5.0400e-03 1.6630e-02 1.5100e-01 8.2900e-03 1.0030e-02 1.3660e-02 2.4880e-02 2.6500e-03 2.6310e+01 3.9679e-01 7.5832e-01 -6.0066e+00 2.6689e-01 2.3825e+00 1.6069e-01 2
1.8616e+02 1.9772e+02 1.7758e+02 2.9800e-03 2.0000e-05 1.6500e-03 1.7500e-03 4.9600e-03 1.4950e-02 1.3500e-01 7.7400e-03 9.4100e-03 1.2330e-02 2.3210e-02 2.3100e-03 2.6822e+01 3.2648e-01 7.6562e-01 -6.6474e+00 2.0109e-01 2.3741e+00 1.3055e-01 2
1.8406e+02 1.9654e+02 1.6698e+02 2.5800e-03 1.0000e-05 1.3400e-03 1.4700e-03 4.0300e-03 1.4630e-02 1.3200e-01 7.4200e-03 9.0100e-03 1.2340e-02 2.2260e-02 2.5700e-03 2.6453e+01 3.0644e-01 7.5920e-01 -7.0441e+00 6.3412e-02 2.3615e+00 1.1573e-01 2
2.3723e+02 2.4733e+02 2.2523e+02 2.9800e-03 1.0000e-05 1.6900e-03 1.8200e-03 5.0700e-03 1.7520e-02 1.6400e-01 1.0350e-02 1.0240e-02 1.1330e-02 3.1040e-02 7.4000e-03 2.2736e+01 3.0506e-01 6.5417e-01 -7.3106e+00 9.8648e-02 2.4168e+00 9.5032e-02 1
2.4140e+02 2.4883e+02 2.3248e+02 2.8100e-03 1.0000e-05 1.5700e-03 1.7300e-03 4.7000e-03 1.7600e-02 1.5400e-01 1.0060e-02 1.0380e-02 1.2510e-02 3.0170e-02 6.7500e-03 2.3145e+01 4.5770e-01 6.3427e-01 -6.7935e+00 1.5827e-01 2.2567e+00 1.1740e-01 1
2.4344e+02 2.5091e+02 2.3244e+02 2.1000e-03 9.0000e-06 1.0900e-03 1.3700e-03 3.2700e-03 1.4190e-02 1.2600e-01 7.7700e-03 8.9800e-03 1.0330e-02 2.3300e-02 4.5400e-03 2.5368e+01 4.3830e-01 6.3528e-01 -7.0579e+00 9.1608e-02 2.3307e+00 9.1470e-02 1
2.4285e+02 2.5503e+02 2.2791e+02 2.2500e-03 9.0000e-06 1.1700e-03 1.3900e-03 3.5000e-03 1.4940e-02 1.3400e-01 8.4700e-03 8.7900e-03 1.0140e-02 2.5420e-02 4.7600e-03 2.5032e+01 4.3128e-01 6.3893e-01 -6.9958e+00 1.0208e-01 2.3658e+00 1.0271e-01 1
2.4551e+02 2.6209e+02 2.3185e+02 2.3500e-03 1.0000e-05 1.2700e-03 1.4800e-03 3.8000e-03 1.6080e-02 1.4100e-01 9.0600e-03 9.7700e-03 1.1490e-02 2.7190e-02 4.7600e-03 2.4602e+01 4.6749e-01 6.3165e-01 -7.1561e+00 1.2764e-01 2.3921e+00 9.7336e-02 1
2.5246e+02 2.6149e+02 1.8279e+02 1.8500e-03 7.0000e-06 9.2000e-04 1.1300e-03 2.7600e-03 1.1520e-02 1.0300e-01 6.1400e-03 7.3000e-03 8.6000e-03 1.8410e-02 4.3200e-03 2.6805e+01 6.1037e-01 6.3520e-01 -7.3195e+00 2.0087e-01 2.0286e+00 8.6398e-02 1
1.2219e+02 1.2861e+02 1.1577e+02 5.2400e-03 4.0000e-05 1.6900e-03 2.0300e-03 5.0700e-03 1.6130e-02 1.4300e-01 8.5500e-03 7.7600e-03 1.4330e-02 2.5660e-02 8.3900e-03 2.3162e+01 5.7960e-01 7.3366e-01 -6.4394e+00 2.6639e-01 2.0799e+00 1.3387e-01 1
1.2296e+02 1.3005e+02 1.1468e+02 4.2800e-03 3.0000e-05 1.2400e-03 1.5500e-03 3.7300e-03 1.6810e-02 1.5400e-01 9.3000e-03 8.0200e-03 1.4000e-02 2.7890e-02 4.6200e-03 2.4971e+01 5.3869e-01 7.5407e-01 -6.4821e+00 2.6497e-01 2.0544e+00 1.2887e-01 1
1.2444e+02 1.3507e+02 1.1750e+02 4.3100e-03 3.0000e-05 1.4100e-03 1.6700e-03 4.2200e-03 2.1840e-02 1.9700e-01 1.2410e-02 1.0240e-02 1.6850e-02 3.7240e-02 4.7900e-03 2.5135e+01 5.5313e-01 7.7593e-01 -6.6505e+00 2.5450e-01 1.8402e+00 1.0356e-01 1
1.2634e+02 1.3423e+02 1.1277e+02 4.4800e-03 4.0000e-05 1.3100e-03 1.6900e-03 3.9300e-03 2.0330e-02 1.8500e-01 1.1430e-02 9.5900e-03 1.6140e-02 3.4290e-02 4.7400e-03 2.5030e+01 5.0750e-01 7.6036e-01 -6.6892e+00 2.9195e-01 2.4319e+00 1.0599e-01 1
1.2800e+02 1.3805e+02 1.2208e+02 4.3600e-03 3.0000e-05 1.3700e-03 1.6600e-03 4.1100e-03 2.2970e-02 2.1000e-01 1.3230e-02 1.0720e-02 1.6770e-02 3.9690e-02 4.8100e-03 2.4692e+01 4.5977e-01 7.6620e-01 -7.0724e+00 2.2043e-01 1.9723e+00 1.1931e-01 1
1.2934e+02 1.3987e+02 1.1860e+02 4.9000e-03 4.0000e-05 1.6500e-03 1.8300e-03 4.9500e-03 2.4980e-02 2.2800e-01 1.3960e-02 1.2190e-02 1.9470e-02 4.1880e-02 4.8400e-03 2.5429e+01 4.2038e-01 7.8571e-01 -6.8368e+00 2.6987e-01 2.2237e+00 1.4749e-01 1
1.0881e+02 1.3466e+02 1.0287e+02 7.6100e-03 7.0000e-05 3.4900e-03 4.8600e-03 1.0460e-02 2.7190e-02 2.5500e-01 1.4830e-02 1.6090e-02 2.0670e-02 4.4500e-02 1.0360e-02 2.1028e+01 5.3601e-01 8.1903e-01 -4.6496e+00 2.0556e-01 1.9869e+00 3.1670e-01 2
1.0986e+02 1.2636e+02 1.0444e+02 8.7400e-03 8.0000e-05 3.9800e-03 5.3900e-03 1.1930e-02 3.2090e-02 3.0700e-01 1.7890e-02 1.9920e-02 2.4540e-02 5.3680e-02 1.1800e-02 2.0767e+01 5.5859e-01 8.1184e-01 -4.3335e+00 2.2173e-01 2.0146e+00 3.4483e-01 2
1.1042e+02 1.3107e+02 1.0337e+02 7.8400e-03 7.0000e-05 3.5200e-03 5.1400e-03 1.0560e-02 3.7150e-02 3.3400e-01 2.0320e-02 2.3020e-02 2.8020e-02 6.0970e-02 9.6900e-03 2.1422e+01 5.4178e-01 8.2136e-01 -4.4385e+00 2.3830e-01 1.9229e+00 3.3504e-01 2
1.1727e+02 1.2992e+02 1.1040e+02 7.5200e-03 6.0000e-05 2.9900e-03 4.6900e-03 8.9800e-03 2.2930e-02 2.2100e-01 1.1890e-02 1.4590e-02 1.9480e-02 3.5680e-02 6.8100e-03 2.2817e+01 5.3053e-01 8.1776e-01 -4.6083e+00 2.9002e-01 2.0216e+00 3.1446e-01 2
1.1688e+02 1.3190e+02 1.0815e+02 7.8800e-03 7.0000e-05 3.3400e-03 4.9300e-03 1.0030e-02 2.6450e-02 2.6500e-01 1.3940e-02 1.6250e-02 2.1370e-02 4.1830e-02 7.8600e-03 2.2603e+01 5.4005e-01 8.1343e-01 -4.4768e+00 2.6263e-01 1.8270e+00 3.2620e-01 2
1.1485e+02 2.7131e+02 1.0468e+02 8.6700e-03 8.0000e-05 3.7300e-03 5.2000e-03 1.1200e-02 3.2250e-02 3.5000e-01 1.8050e-02 1.9740e-02 2.5190e-02 5.4140e-02 1.1430e-02 2.1660e+01 5.4797e-01 8.1740e-01 -4.6092e+00 2.2171e-01 1.8317e+00 3.1639e-01 2
2.0914e+02 2.3749e+02 1.0938e+02 2.8200e-03 1.0000e-05 1.4700e-03 1.5200e-03 4.4200e-03 1.8610e-02 1.7000e-01 9.7500e-03 1.2580e-02 1.3820e-02 2.9250e-02 8.7100e-03 2.5554e+01 3.4179e-01 6.7887e-01 -7.0405e+00 6.6994e-02 2.4608e+00 1.0152e-01 1
2.2337e+02 2.3899e+02 9.8664e+01 2.6400e-03 1.0000e-05 1.5400e-03 1.5100e-03 4.6100e-03 1.9060e-02 1.6500e-01 1.0130e-02 1.2960e-02 1.3400e-02 3.0390e-02 3.0100e-03 2.6138e+01 4.4798e-01 6.8626e-01 -7.2938e+00 8.6372e-02 2.3216e+00 9.8555e-02 1
2.2224e+02 2.3134e+02 2.0550e+02 2.6600e-03 1.0000e-05 1.5200e-03 1.4400e-03 4.5700e-03 1.6430e-02 1.4500e-01 8.6700e-03 1.1080e-02 1.2000e-02 2.6020e-02 3.4000e-03 2.5856e+01 3.6487e-01 6.9440e-01 -6.9663e+00 9.5882e-02 2.2787e+00 1.0322e-01 1
2.2883e+02 2.3462e+02 2.2363e+02 2.9600e-03 1.0000e-05 1.7500e-03 1.5500e-03 5.2600e-03 1.6440e-02 1.4500e-01 8.8200e-03 1.0750e-02 1.1790e-02 2.6470e-02 3.5100e-03 2.5964e+01 2.5657e-01 6.8330e-01 -7.2456e+00 1.8689e-02 2.4982e+00 9.3534e-02 1
2.2940e+02 2.5222e+02 2.2116e+02 2.0500e-03 9.0000e-06 1.1400e-03 1.1300e-03 3.4200e-03 1.4570e-02 1.2900e-01 7.6900e-03 9.5700e-03 1.0160e-02 2.3080e-02 3.0000e-03 2.6415e+01 2.7685e-01 6.7364e-01 -7.4963e+00 5.6844e-02 2.0030e+00 7.3581e-02 1
2.2897e+02 2.3954e+02 1.1320e+02 2.3800e-03 1.0000e-05 1.3600e-03 1.4000e-03 4.0800e-03 1.7450e-02 1.5400e-01 9.4200e-03 1.1600e-02 1.2340e-02 2.8270e-02 4.2000e-03 2.4547e+01 3.0543e-01 6.8181e-01 -7.3142e+00 6.2740e-03 2.1186e+00 9.1546e-02 1
1.4034e+02 1.5977e+02 6.7021e+01 8.1700e-03 6.0000e-05 4.3000e-03 4.4000e-03 1.2890e-02 3.1980e-02 3.1300e-01 1.8300e-02 1.8100e-02 2.4280e-02 5.4900e-02 2.1830e-02 1.9560e+01 4.6014e-01 7.2091e-01 -5.4094e+00 2.2685e-01 2.3600e+00 2.2616e-01 2
1.3697e+02 1.6661e+02 6.6004e+01 9.2300e-03 7.0000e-05 5.0700e-03 4.6300e-03 1.5200e-02 3.1110e-02 3.0800e-01 1.6380e-02 1.7590e-02 2.6030e-02 4.9140e-02 2.6590e-02 1.9979e+01 4.9813e-01 7.2907e-01 -5.3246e+00 2.0566e-01 2.2916e+00 2.2625e-01 2
1.4353e+02 1.6222e+02 6.5809e+01 1.1010e-02 8.0000e-05 6.4700e-03 4.6700e-03 1.9410e-02 5.3840e-02 4.7800e-01 3.1520e-02 2.4220e-02 3.3920e-02 9.4550e-02 4.8820e-02 2.0338e+01 5.1324e-01 7.3144e-01 -5.8697e+00 1.5181e-01 2.1185e+00 1.8558e-01 2
1.4809e+02 1.6282e+02 6.7343e+01 7.6200e-03 5.0000e-05 4.6700e-03 3.5400e-03 1.4000e-02 5.4280e-02 4.9700e-01 3.3570e-02 2.4940e-02 3.6350e-02 1.0070e-01 2.4310e-02 2.1718e+01 4.8741e-01 7.2731e-01 -6.2611e+00 1.2096e-01 2.1371e+00 1.4196e-01 2
1.4273e+02 1.6241e+02 6.5476e+01 8.3100e-03 6.0000e-05 4.6900e-03 4.1900e-03 1.4070e-02 3.4850e-02 3.6500e-01 1.8680e-02 1.9060e-02 2.9490e-02 5.6050e-02 2.5990e-02 2.0264e+01 4.8934e-01 7.3039e-01 -5.7209e+00 1.5883e-01 2.2779e+00 1.8083e-01 2
1.3636e+02 1.7659e+02 6.5750e+01 9.7100e-03 7.0000e-05 5.3400e-03 4.7800e-03 1.6010e-02 4.9780e-02 4.8300e-01 2.7490e-02 2.4660e-02 3.7360e-02 8.2470e-02 3.3610e-02 1.8570e+01 5.4330e-01 7.3323e-01 -5.2080e+00 2.2485e-01 2.6423e+00 2.4298e-01 2
1.2008e+02 1.3971e+02 1.1121e+02 4.0500e-03 3.0000e-05 1.8000e-03 2.2000e-03 5.4000e-03 1.7060e-02 1.5200e-01 9.7400e-03 9.2500e-03 1.3450e-02 2.9210e-02 4.4200e-03 2.5742e+01 4.9595e-01 7.6296e-01 -5.7918e+00 3.2907e-01 2.2050e+00 1.8818e-01 2
1.1201e+02 5.8852e+02 1.0702e+02 5.3300e-03 5.0000e-05 2.6800e-03 3.2900e-03 8.0500e-03 2.4480e-02 2.2600e-01 1.3730e-02 1.3750e-02 1.9560e-02 4.1200e-02 6.2300e-03 2.4178e+01 5.0913e-01 7.8953e-01 -5.3891e+00 3.0664e-01 1.9287e+00 2.2546e-01 2
1.1079e+02 1.2810e+02 1.0732e+02 4.9400e-03 4.0000e-05 2.6000e-03 2.8300e-03 7.8000e-03 2.4420e-02 2.1600e-01 1.4320e-02 1.3250e-02 1.8310e-02 4.2950e-02 4.7900e-03 2.5438e+01 4.3703e-01 8.1591e-01 -5.3134e+00 2.0186e-01 2.2258e+00 2.4451e-01 2
1.1071e+02 1.2261e+02 1.0501e+02 5.1600e-03 5.0000e-05 2.7700e-03 2.8900e-03 8.3100e-03 2.2150e-02 2.0600e-01 1.2840e-02 1.2190e-02 1.7150e-02 3.8510e-02 4.7200e-03 2.5197e+01 4.6351e-01 8.0722e-01 -5.4776e+00 3.1507e-01 1.8621e+00 2.2862e-01 2
1.1288e+02 1.4883e+02 1.0698e+02 5.0000e-03 4.0000e-05 2.7000e-03 2.8900e-03 8.1000e-03 3.9990e-02 3.5000e-01 2.4130e-02 2.2310e-02 2.7040e-02 7.2380e-02 9.0500e-03 2.3370e+01 4.8954e-01 7.8998e-01 -5.7760e+00 3.4117e-01 2.0079e+00 1.9392e-01 2
1.1057e+02 1.2539e+02 1.0682e+02 4.6200e-03 4.0000e-05 2.2600e-03 2.8000e-03 6.7700e-03 2.1990e-02 1.9700e-01 1.2840e-02 1.1990e-02 1.6360e-02 3.8520e-02 4.2000e-03 2.5820e+01 4.2948e-01 8.1634e-01 -5.3910e+00 2.5057e-01 1.7779e+00 2.3274e-01 2
9.5385e+01 1.0214e+02 9.0264e+01 6.0800e-03 6.0000e-05 3.3100e-03 3.3200e-03 9.9400e-03 3.2020e-02 2.6300e-01 1.8030e-02 1.8860e-02 2.4550e-02 5.4080e-02 1.0620e-02 2.1875e+01 6.4495e-01 7.7961e-01 -5.1152e+00 2.4949e-01 2.0178e+00 2.6001e-01 2
1.0077e+02 1.1570e+02 8.5545e+01 1.0380e-02 1.0000e-04 6.2200e-03 5.7600e-03 1.8650e-02 3.1210e-02 3.6100e-01 1.7730e-02 1.7830e-02 2.1390e-02 5.3200e-02 2.2200e-02 1.9200e+01 5.9439e-01 7.9012e-01 -4.9139e+00 2.6570e-01 2.3984e+00 2.7795e-01 2
9.6106e+01 1.0866e+02 8.4510e+01 6.9400e-03 7.0000e-05 3.8900e-03 4.1500e-03 1.1680e-02 4.0240e-02 3.6400e-01 2.2660e-02 2.4510e-02 2.8760e-02 6.7990e-02 1.8230e-02 1.9055e+01 5.4480e-01 7.7047e-01 -4.4415e+00 1.5510e-01 2.6460e+00 3.2798e-01 2
9.5605e+01 1.0772e+02 8.7549e+01 7.0200e-03 7.0000e-05 4.2800e-03 3.7100e-03 1.2830e-02 3.1560e-02 2.9600e-01 1.7920e-02 1.8410e-02 2.1900e-02 5.3770e-02 1.8250e-02 1.9659e+01 5.7608e-01 7.7875e-01 -5.1320e+00 2.1046e-01 2.2326e+00 2.6063e-01 2
1.0096e+02 1.1002e+02 9.5628e+01 6.0600e-03 6.0000e-05 3.5100e-03 3.4800e-03 1.0530e-02 2.4270e-02 2.1600e-01 1.3710e-02 1.4210e-02 1.7510e-02 4.1140e-02 1.2370e-02 2.0536e+01 5.5461e-01 7.8790e-01 -5.0223e+00 1.4695e-01 2.4283e+00 2.6467e-01 2
9.8804e+01 1.0231e+02 8.7804e+01 4.3200e-03 4.0000e-05 2.4700e-03 2.5800e-03 7.4200e-03 2.2230e-02 2.0200e-01 1.2770e-02 1.3430e-02 1.5520e-02 3.8310e-02 8.8200e-03 2.2244e+01 5.7664e-01 7.7242e-01 -6.0254e+00 7.8202e-02 2.0536e+00 1.7727e-01 2
1.7686e+02 2.0556e+02 7.5344e+01 7.4700e-03 4.0000e-05 4.1800e-03 4.2000e-03 1.2540e-02 4.7950e-02 4.3500e-01 2.6790e-02 3.0220e-02 3.5100e-02 8.0370e-02 5.4700e-02 1.3893e+01 5.5649e-01 7.2959e-01 -5.2889e+00 3.4307e-01 3.0993e+00 2.4212e-01 2
1.8098e+02 2.0012e+02 1.5550e+02 4.0600e-03 2.0000e-05 2.2000e-03 2.4400e-03 6.5900e-03 3.8520e-02 3.3100e-01 2.1070e-02 2.4930e-02 2.8770e-02 6.3210e-02 2.7820e-02 1.6176e+01 5.8357e-01 7.2775e-01 -5.6579e+00 3.1590e-01 3.0983e+00 2.0042e-01 2
1.7822e+02 2.0245e+02 1.4105e+02 3.2100e-03 2.0000e-05 1.6300e-03 1.9400e-03 4.8800e-03 3.7590e-02 3.2700e-01 2.0730e-02 2.4150e-02 2.7840e-02 6.2190e-02 3.1510e-02 1.5924e+01 5.9871e-01 7.1220e-01 -6.3669e+00 3.3575e-01 2.6543e+00 1.4461e-01 2
1.7628e+02 2.2738e+02 1.2561e+02 5.2000e-03 3.0000e-05 2.8700e-03 3.1200e-03 8.6200e-03 6.5110e-02 5.8000e-01 3.6710e-02 4.1590e-02 4.6830e-02 1.1012e-01 4.8240e-02 1.3922e+01 6.0287e-01 7.4084e-01 -5.5151e+00 2.9955e-01 3.1366e+00 2.2097e-01 2
1.7390e+02 2.1135e+02 7.4677e+01 4.4800e-03 3.0000e-05 2.3700e-03 2.5400e-03 7.1000e-03 6.7270e-02 6.5000e-01 3.7880e-02 4.2540e-02 4.8020e-02 1.1363e-01 4.2140e-02 1.4739e+01 5.9937e-01 7.4394e-01 -5.7833e+00 2.9979e-01 3.0071e+00 1.9405e-01 2
1.7971e+02 2.2593e+02 1.4488e+02 7.0900e-03 4.0000e-05 3.9100e-03 4.1900e-03 1.1720e-02 4.3130e-02 4.4200e-01 2.2970e-02 2.7680e-02 3.4550e-02 6.8920e-02 7.2230e-02 1.1866e+01 5.9095e-01 7.4553e-01 -4.3794e+00 3.7553e-01 3.6712e+00 3.3209e-01 2
1.6660e+02 2.0601e+02 7.8032e+01 7.4200e-03 4.0000e-05 3.8700e-03 4.5300e-03 1.1610e-02 6.6400e-02 6.3400e-01 3.6500e-02 4.2820e-02 5.1140e-02 1.0949e-01 8.7250e-02 1.1744e+01 6.5341e-01 7.3316e-01 -4.5090e+00 3.8923e-01 3.3176e+00 3.0195e-01 2
1.5196e+02 1.6334e+02 1.4723e+02 4.1900e-03 3.0000e-05 2.2400e-03 2.2700e-03 6.7200e-03 7.9590e-02 7.7200e-01 4.4210e-02 4.9620e-02 5.6900e-02 1.3262e-01 1.6580e-02 1.9664e+01 5.0104e-01 7.1436e-01 -6.4115e+00 2.0716e-01 2.3449e+00 1.3412e-01 2
1.4827e+02 1.6499e+02 1.4230e+02 4.5900e-03 3.0000e-05 2.5000e-03 2.5600e-03 7.5000e-03 4.1900e-02 3.8300e-01 2.3830e-02 2.5210e-02 3.0510e-02 7.1500e-02 1.9140e-02 1.8780e+01 4.5444e-01 7.3450e-01 -5.9521e+00 8.7840e-02 2.3443e+00 1.8649e-01 2
1.5212e+02 1.6147e+02 7.6596e+01 3.8200e-03 3.0000e-05 1.9100e-03 2.2600e-03 5.7400e-03 5.9250e-02 6.3700e-01 3.3410e-02 3.7940e-02 4.3980e-02 1.0024e-01 1.2110e-02 2.0969e+01 4.4746e-01 6.9779e-01 -6.1526e+00 1.7352e-01 2.0801e+00 1.6081e-01 2
1.5782e+02 1.7297e+02 6.8401e+01 3.5800e-03 2.0000e-05 1.9600e-03 1.9600e-03 5.8700e-03 3.7160e-02 3.0700e-01 2.0620e-02 2.3210e-02 2.7640e-02 6.1850e-02 8.5000e-03 2.2219e+01 5.0238e-01 7.1217e-01 -6.2514e+00 1.8806e-01 2.1439e+00 1.6081e-01 2
1.5745e+02 1.6327e+02 1.4960e+02 3.6900e-03 2.0000e-05 2.0100e-03 1.9700e-03 6.0200e-03 3.2720e-02 2.8300e-01 1.8130e-02 1.9090e-02 2.5710e-02 5.4390e-02 1.0180e-02 2.1693e+01 4.4728e-01 7.0566e-01 -6.2471e+00 1.8053e-01 2.3443e+00 1.6492e-01 2
1.5912e+02 1.6891e+02 1.4481e+02 3.4200e-03 2.0000e-05 1.7800e-03 1.8400e-03 5.3500e-03 3.3810e-02 3.0700e-01 1.8060e-02 2.0240e-02 2.8090e-02 5.4170e-02 8.5200e-03 2.2663e+01 3.6633e-01 6.9343e-01 -6.4174e+00 1.9463e-01 2.4732e+00 1.5171e-01 2
1.2504e+02 1.4395e+02 1.1619e+02 1.2800e-02 1.0000e-04 7.4300e-03 6.2300e-03 2.2280e-02 3.8860e-02 3.4200e-01 2.1350e-02 2.1740e-02 3.0880e-02 6.4060e-02 8.1510e-02 1.5338e+01 6.2957e-01 7.1449e-01 -4.0200e+00 2.6532e-01 2.6718e+00 3.4062e-01 2
1.2579e+02 1.4056e+02 9.6206e+01 1.3780e-02 1.1000e-04 8.2600e-03 6.5500e-03 2.4780e-02 4.6890e-02 4.2200e-01 2.5420e-02 2.6300e-02 3.9080e-02 7.6250e-02 1.0323e-01 1.5433e+01 5.7101e-01 6.9089e-01 -5.1592e+00 2.0215e-01 2.4416e+00 2.6038e-01 2
1.2651e+02 1.4176e+02 9.9770e+01 1.9360e-02 1.5000e-04 1.1590e-02 9.9000e-03 3.4760e-02 6.7340e-02 6.5900e-01 3.6110e-02 3.9630e-02 5.7830e-02 1.0833e-01 1.6744e-01 1.2435e+01 6.3855e-01 6.7495e-01 -3.7603e+00 2.4286e-01 2.6346e+00 3.7848e-01 2
1.2564e+02 1.4107e+02 1.1635e+02 3.3160e-02 2.6000e-04 2.1440e-02 1.5220e-02 6.4330e-02 9.1780e-02 8.9100e-01 5.3580e-02 4.7910e-02 6.1960e-02 1.6074e-01 3.1482e-01 8.8670e+00 6.7130e-01 6.5685e-01 -3.7005e+00 2.6048e-01 2.9911e+00 3.7096e-01 2
1.2845e+02 1.5045e+02 7.5632e+01 1.5510e-02 1.2000e-04 9.0500e-03 9.0900e-03 2.7160e-02 6.1700e-02 5.8400e-01 3.2230e-02 3.6720e-02 5.1740e-02 9.6690e-02 1.1843e-01 1.5060e+01 6.3981e-01 6.4333e-01 -4.2027e+00 3.1016e-01 2.6383e+00 3.5688e-01 2
1.3922e+02 5.8657e+02 6.6157e+01 3.0110e-02 2.2000e-04 1.8540e-02 1.6280e-02 5.5630e-02 9.4190e-02 9.3000e-01 5.5510e-02 5.0050e-02 6.0230e-02 1.6654e-01 2.5930e-01 1.0489e+01 5.9636e-01 6.4142e-01 -3.2695e+00 2.7064e-01 2.6909e+00 4.4477e-01 2
1.5026e+02 1.5461e+02 7.5349e+01 2.4800e-03 2.0000e-05 1.0500e-03 1.3600e-03 3.1500e-03 1.1310e-02 1.0700e-01 5.2200e-03 6.5900e-03 1.0090e-02 1.5670e-02 4.9500e-03 2.6759e+01 2.9689e-01 7.2236e-01 -6.8784e+00 8.9267e-02 2.0041e+00 1.1394e-01 2
1.5400e+02 1.6027e+02 1.2862e+02 1.8300e-03 1.0000e-05 7.6000e-04 1.0000e-03 2.2900e-03 1.0300e-02 9.4000e-02 4.6900e-03 5.8200e-03 8.7100e-03 1.4060e-02 2.4300e-03 2.8409e+01 2.6365e-01 6.9148e-01 -7.1116e+00 1.4478e-01 2.0655e+00 9.3193e-02 2
1.4969e+02 1.6037e+02 1.3361e+02 2.5700e-03 2.0000e-05 1.1600e-03 1.3400e-03 3.4900e-03 1.3460e-02 1.2600e-01 6.6000e-03 8.1800e-03 1.0590e-02 1.9790e-02 5.7800e-03 2.7421e+01 3.6549e-01 7.1997e-01 -6.9974e+00 2.1028e-01 1.9944e+00 1.1288e-01 2
1.5508e+02 1.6374e+02 1.4415e+02 1.6800e-03 1.0000e-05 6.8000e-04 9.2000e-04 2.0400e-03 1.0640e-02 9.7000e-02 5.2200e-03 6.3200e-03 9.2800e-03 1.5670e-02 2.3300e-03 2.9746e+01 3.3417e-01 6.7793e-01 -6.9812e+00 1.8455e-01 2.1299e+00 1.0680e-01 2
1.5188e+02 1.5776e+02 1.3375e+02 2.5800e-03 2.0000e-05 1.1500e-03 1.2200e-03 3.4600e-03 1.4500e-02 1.3700e-01 6.3300e-03 7.8800e-03 1.2670e-02 1.8980e-02 6.5900e-03 2.6833e+01 3.9356e-01 7.0025e-01 -6.6000e+00 2.4917e-01 2.4991e+00 1.0531e-01 2
1.5199e+02 1.5734e+02 1.3286e+02 1.7400e-03 1.0000e-05 7.5000e-04 9.6000e-04 2.2500e-03 1.0240e-02 9.3000e-02 4.5500e-03 5.7600e-03 9.9300e-03 1.3640e-02 2.3800e-03 2.9928e+01 3.1137e-01 6.7607e-01 -6.7392e+00 1.6069e-01 2.2969e+00 1.1513e-01 2
1.9303e+02 2.0890e+02 8.0297e+01 7.6600e-03 4.0000e-05 4.5000e-03 3.8900e-03 1.3510e-02 3.0440e-02 2.7500e-01 1.7710e-02 1.8150e-02 2.0840e-02 5.3120e-02 9.4700e-03 2.1934e+01 4.9755e-01 7.4054e-01 -5.8451e+00 2.7868e-01 2.6087e+00 1.8567e-01 2
2.0071e+02 2.2398e+02 8.9686e+01 6.2100e-03 3.0000e-05 3.7100e-03 3.3700e-03 1.1120e-02 2.2860e-02 2.0700e-01 1.1920e-02 1.4390e-02 1.8520e-02 3.5760e-02 7.0400e-03 2.3239e+01 4.3608e-01 7.2786e-01 -5.2583e+00 2.5645e-01 2.5510e+00 2.3252e-01 2
2.0852e+02 2.2031e+02 1.9902e+02 6.0900e-03 3.0000e-05 3.6800e-03 3.3900e-03 1.1050e-02 1.7610e-02 1.5500e-01 9.5200e-03 1.0580e-02 1.3070e-02 2.8550e-02 8.3000e-03 2.2407e+01 3.3810e-01 7.1247e-01 -6.4714e+00 1.8438e-01 2.5023e+00 1.3639e-01 2
2.0466e+02 2.2130e+02 1.8962e+02 8.4100e-03 4.0000e-05 5.0200e-03 4.8500e-03 1.5060e-02 2.3780e-02 2.1000e-01 1.2770e-02 1.4830e-02 1.7670e-02 3.8310e-02 1.3160e-02 2.1305e+01 4.9888e-01 7.2208e-01 -4.8763e+00 2.1205e-01 2.3767e+00 2.6814e-01 2
2.1014e+02 2.3271e+02 1.8526e+02 5.3400e-03 3.0000e-05 3.2100e-03 2.8000e-03 9.6400e-03 1.6800e-02 1.4900e-01 8.6100e-03 1.0170e-02 1.3010e-02 2.5830e-02 6.2000e-03 2.3671e+01 4.4110e-01 7.2225e-01 -5.9630e+00 2.5028e-01 2.4892e+00 1.7781e-01 2
2.0633e+02 2.2635e+02 9.2020e+01 4.9500e-03 2.0000e-05 3.0200e-03 2.4600e-03 9.0500e-03 2.1050e-02 2.0900e-01 1.1070e-02 1.2840e-02 1.6040e-02 3.3200e-02 1.0480e-02 2.1864e+01 3.3151e-01 7.1512e-01 -6.7297e+00 1.8170e-01 2.9381e+00 1.1552e-01 2
1.5187e+02 4.9289e+02 6.9085e+01 8.5600e-03 6.0000e-05 4.0400e-03 3.8500e-03 1.2110e-02 1.8430e-02 2.3500e-01 7.9600e-03 8.3200e-03 1.2710e-02 2.3890e-02 6.0510e-02 2.3693e+01 4.0770e-01 6.6267e-01 -4.6732e+00 2.6155e-01 2.7024e+00 2.7441e-01 2
1.5822e+02 4.4256e+02 7.1948e+01 4.7600e-03 3.0000e-05 2.1400e-03 2.0700e-03 6.4200e-03 1.4580e-02 1.4800e-01 6.0600e-03 7.4700e-03 1.3120e-02 1.8180e-02 1.5540e-02 2.6356e+01 4.5080e-01 6.5382e-01 -6.0512e+00 2.7328e-01 2.6408e+00 1.7011e-01 2
1.7076e+02 4.5025e+02 7.9032e+01 5.5500e-03 3.0000e-05 2.4400e-03 2.6100e-03 7.3100e-03 1.7250e-02 1.7500e-01 7.5700e-03 9.7100e-03 1.6520e-02 2.2700e-02 1.8020e-02 2.5690e+01 4.8674e-01 6.7602e-01 -4.5978e+00 3.7211e-01 2.9759e+00 2.8278e-01 2
1.7828e+02 4.4282e+02 8.2063e+01 4.6200e-03 3.0000e-05 1.5700e-03 1.9400e-03 4.7200e-03 1.2790e-02 1.2900e-01 6.1700e-03 7.4400e-03 1.1510e-02 1.8510e-02 8.5600e-03 2.5020e+01 4.7042e-01 6.5524e-01 -4.9131e+00 3.9306e-01 2.8168e+00 2.5197e-01 2
2.1712e+02 2.3348e+02 9.3978e+01 4.0400e-03 2.0000e-05 1.2700e-03 1.2800e-03 3.8100e-03 1.2990e-02 1.2400e-01 6.7900e-03 6.3100e-03 1.0750e-02 2.0380e-02 6.8100e-03 2.4581e+01 4.6252e-01 5.8271e-01 -5.5172e+00 3.8930e-01 2.9259e+00 2.2066e-01 2
1.2894e+02 4.7970e+02 8.8251e+01 5.8100e-03 5.0000e-05 2.4100e-03 3.1400e-03 7.2300e-03 2.0080e-02 2.2100e-01 8.4900e-03 1.1170e-02 1.7340e-02 2.5480e-02 2.3500e-02 2.4743e+01 4.8776e-01 6.8413e-01 -6.1861e+00 2.7993e-01 2.6862e+00 1.5243e-01 2
1.7682e+02 2.1529e+02 8.3961e+01 4.6000e-03 3.0000e-05 2.0900e-03 2.2100e-03 6.2800e-03 1.1690e-02 1.1700e-01 5.3400e-03 6.3000e-03 1.1040e-02 1.6030e-02 1.1610e-02 2.7166e+01 4.0009e-01 6.5618e-01 -4.7110e+00 2.8162e-01 2.6557e+00 2.3481e-01 2
1.3819e+02 2.0352e+02 8.3340e+01 7.0400e-03 5.0000e-05 4.0600e-03 3.9800e-03 1.2180e-02 4.4790e-02 4.4100e-01 2.5870e-02 2.5670e-02 3.2200e-02 7.7610e-02 1.9680e-02 1.8305e+01 5.3802e-01 7.4148e-01 -5.4188e+00 1.6027e-01 2.0904e+00 2.2989e-01 2
1.8202e+02 1.9717e+02 7.9187e+01 8.4200e-03 5.0000e-05 5.0600e-03 4.4900e-03 1.5170e-02 2.5030e-02 2.3100e-01 1.3720e-02 1.5800e-02 1.9310e-02 4.1150e-02 1.8130e-02 1.8784e+01 5.8996e-01 7.3290e-01 -5.4451e+00 1.4247e-01 2.1743e+00 2.1556e-01 2
1.5624e+02 1.9511e+02 7.9820e+01 6.9400e-03 4.0000e-05 4.0300e-03 3.9500e-03 1.2090e-02 2.3430e-02 2.2400e-01 1.2890e-02 1.4200e-02 1.7200e-02 3.8670e-02 2.0200e-02 1.9196e+01 6.1866e-01 7.2842e-01 -5.9442e+00 1.4336e-01 1.9297e+00 1.8199e-01 2
1.4517e+02 1.9811e+02 8.0637e+01 7.3300e-03 5.0000e-05 4.1400e-03 4.2200e-03 1.2420e-02 2.3620e-02 2.3300e-01 1.2350e-02 1.4950e-02 1.9440e-02 3.7060e-02 1.8740e-02 1.8857e+01 6.3752e-01 7.3555e-01 -5.5943e+00 1.2795e-01 1.7660e+00 2.2272e-01 2
1.3815e+02 1.9724e+02 8.1114e+01 5.4400e-03 4.0000e-05 2.9400e-03 3.2700e-03 8.8300e-03 2.7910e-02 2.4600e-01 1.4840e-02 1.8050e-02 2.2590e-02 4.4510e-02 1.7940e-02 1.8178e+01 6.2321e-01 7.3825e-01 -5.5404e+00 8.7165e-02 1.8213e+00 2.1407e-01 2
1.6689e+02 1.9897e+02 7.9512e+01 6.3800e-03 4.0000e-05 3.6800e-03 3.5100e-03 1.1040e-02 2.8570e-02 2.5700e-01 1.5470e-02 1.8590e-02 2.3010e-02 4.6410e-02 1.7960e-02 1.8330e+01 5.8517e-01 7.3696e-01 -5.8253e+00 1.1570e-01 1.9961e+00 1.9653e-01 2
1.1903e+02 1.2753e+02 1.0922e+02 4.4000e-03 4.0000e-05 2.1400e-03 1.9200e-03 6.4100e-03 1.0330e-02 9.8000e-02 5.3800e-03 5.7000e-03 8.1100e-03 1.6140e-02 1.7240e-02 2.6842e+01 4.5754e-01 6.9979e-01 -6.8900e+00 1.5294e-01 2.3285e+00 1.1286e-01 2
1.2008e+02 1.2663e+02 1.0567e+02 2.7000e-03 2.0000e-05 1.1600e-03 1.3500e-03 3.4900e-03 1.0220e-02 9.0000e-02 4.7600e-03 5.8800e-03 9.0300e-03 1.4280e-02 4.8700e-03 2.6369e+01 4.9134e-01 7.1884e-01 -5.8921e+00 1.9598e-01 2.1089e+00 1.8357e-01 2
1.2029e+02 1.2814e+02 1.0021e+02 4.9200e-03 4.0000e-05 2.6900e-03 2.3800e-03 8.0800e-03 1.4120e-02 1.2500e-01 7.0300e-03 8.2000e-03 1.1940e-02 2.1100e-02 1.6100e-02 2.3949e+01 4.6716e-01 7.2405e-01 -6.1353e+00 2.0363e-01 2.5397e+00 1.6992e-01 2
1.2026e+02 1.2531e+02 1.0477e+02 4.0700e-03 3.0000e-05 2.2400e-03 2.0500e-03 6.7100e-03 1.5160e-02 1.3800e-01 7.2100e-03 8.1500e-03 1.3100e-02 2.1640e-02 1.0150e-02 2.6017e+01 4.6862e-01 7.3514e-01 -6.1127e+00 2.1701e-01 2.5277e+00 1.7063e-01 2
1.1906e+02 1.2521e+02 8.6795e+01 3.4600e-03 3.0000e-05 1.6900e-03 1.7000e-03 5.0800e-03 1.2010e-02 1.0600e-01 6.3300e-03 7.0100e-03 9.1500e-03 1.8980e-02 9.0300e-03 2.3389e+01 4.7097e-01 7.2131e-01 -5.4361e+00 2.5491e-01 2.5163e+00 2.3221e-01 2
1.1875e+02 1.2372e+02 1.0984e+02 3.3100e-03 3.0000e-05 1.6800e-03 1.7100e-03 5.0400e-03 1.0430e-02 9.9000e-02 4.9000e-03 6.2100e-03 9.0300e-03 1.4710e-02 5.0400e-03 2.5619e+01 4.8230e-01 7.2310e-01 -6.4481e+00 1.7871e-01 2.0348e+00 1.4142e-01 2
1.0652e+02 1.1278e+02 9.3105e+01 5.8900e-03 6.0000e-05 2.9100e-03 3.1900e-03 8.7300e-03 4.9320e-02 4.4100e-01 2.6830e-02 3.1120e-02 3.6510e-02 8.0500e-02 3.0310e-02 1.7060e+01 6.3781e-01 7.4406e-01 -5.3013e+00 3.2038e-01 2.3751e+00 2.4308e-01 2
1.1045e+02 1.2761e+02 1.0555e+02 4.9400e-03 4.0000e-05 2.4400e-03 3.1500e-03 7.3100e-03 4.1280e-02 3.7900e-01 2.2290e-02 2.5920e-02 3.3160e-02 6.6880e-02 2.5290e-02 1.7707e+01 6.5343e-01 7.0669e-01 -5.3336e+00 3.2204e-01 2.6318e+00 2.2832e-01 2
1.1340e+02 1.3334e+02 1.0782e+02 4.5100e-03 4.0000e-05 2.1900e-03 2.8300e-03 6.5800e-03 4.8790e-02 4.3100e-01 2.3850e-02 2.9730e-02 4.3700e-02 7.1540e-02 2.2780e-02 1.9013e+01 6.4790e-01 7.0814e-01 -4.3789e+00 3.0007e-01 2.4455e+00 2.5945e-01 2
1.1317e+02 1.3027e+02 1.0067e+02 5.0200e-03 4.0000e-05 2.5700e-03 3.1200e-03 7.7200e-03 5.2790e-02 4.7600e-01 2.8960e-02 3.3470e-02 4.1340e-02 8.6890e-02 3.6900e-02 1.6747e+01 6.2536e-01 7.0862e-01 -4.6549e+00 3.0411e-01 2.6724e+00 2.7439e-01 2
1.1224e+02 1.2661e+02 1.0409e+02 4.7200e-03 4.0000e-05 2.3800e-03 2.9000e-03 7.1500e-03 5.6430e-02 5.1700e-01 3.0700e-02 3.5300e-02 4.4510e-02 9.2110e-02 2.6290e-02 1.7366e+01 6.4094e-01 7.0140e-01 -5.6346e+00 3.0601e-01 2.4193e+00 2.0919e-01 2
1.1615e+02 1.3173e+02 1.0981e+02 3.8100e-03 3.0000e-05 1.8100e-03 2.3200e-03 5.4200e-03 3.0260e-02 2.6700e-01 1.5140e-02 1.8120e-02 2.7700e-02 4.5430e-02 1.8270e-02 1.8801e+01 6.2481e-01 6.9605e-01 -5.8664e+00 2.3307e-01 2.4456e+00 1.8499e-01 2
1.7037e+02 2.6880e+02 7.9543e+01 5.7100e-03 3.0000e-05 2.3200e-03 2.6900e-03 6.9600e-03 3.2730e-02 2.8100e-01 1.7130e-02 1.9640e-02 2.8240e-02 5.1390e-02 2.4850e-02 1.8540e+01 6.7713e-01 6.8506e-01 -4.7968e+00 3.9775e-01 2.9638e+00 2.7723e-01 2
2.0808e+02 2.5379e+02 9.1802e+01 7.5700e-03 4.0000e-05 4.2800e-03 4.2800e-03 1.2850e-02 6.7250e-02 5.7100e-01 4.0160e-02 4.0030e-02 4.4640e-02 1.2047e-01 4.2380e-02 1.5648e+01 6.0634e-01 6.6595e-01 -5.4103e+00 2.8892e-01 2.6651e+00 2.3172e-01 2
1.9846e+02 2.1929e+02 1.4869e+02 3.7600e-03 2.0000e-05 1.8200e-03 2.1500e-03 5.4600e-03 3.5270e-02 2.9700e-01 2.0550e-02 2.0760e-02 2.5300e-02 6.1650e-02 1.7280e-02 1.8702e+01 6.0627e-01 6.6173e-01 -5.5853e+00 3.1075e-01 2.4655e+00 2.0986e-01 2
2.0281e+02 2.3151e+02 8.6232e+01 3.7000e-03 2.0000e-05 1.8900e-03 2.1100e-03 5.6800e-03 1.9970e-02 1.8000e-01 1.1170e-02 1.1770e-02 1.5060e-02 3.3500e-02 2.0100e-02 1.8687e+01 5.3610e-01 6.3263e-01 -5.8987e+00 2.1335e-01 2.4707e+00 1.8903e-01 2
2.0254e+02 2.4135e+02 1.6417e+02 2.5400e-03 1.0000e-05 1.0000e-03 1.3300e-03 3.0100e-03 2.6620e-02 2.2800e-01 1.4750e-02 1.5580e-02 2.0060e-02 4.4260e-02 1.0490e-02 2.0680e+01 4.9748e-01 6.3041e-01 -6.1327e+00 2.2062e-01 2.5766e+00 1.5978e-01 2
2.2336e+02 2.6387e+02 8.7638e+01 3.5200e-03 2.0000e-05 1.6900e-03 1.8800e-03 5.0600e-03 2.5360e-02 2.2500e-01 1.3790e-02 1.4780e-02 1.9090e-02 4.1370e-02 1.4930e-02 2.0366e+01 5.6685e-01 5.7428e-01 -5.4568e+00 3.4524e-01 2.8406e+00 2.3286e-01 2
1.6977e+02 1.9176e+02 1.5145e+02 1.5680e-02 9.0000e-05 8.6300e-03 9.4600e-03 2.5890e-02 8.1430e-02 8.2100e-01 3.8040e-02 5.4260e-02 8.8080e-02 1.1411e-01 7.5300e-02 1.2359e+01 5.6161e-01 7.9351e-01 -3.2977e+00 4.1476e-01 3.4136e+00 4.5753e-01 2
1.8352e+02 2.1681e+02 1.6134e+02 1.4660e-02 8.0000e-05 8.4900e-03 8.1900e-03 2.5460e-02 6.0500e-02 6.1800e-01 2.8650e-02 4.1010e-02 6.3590e-02 8.5950e-02 6.0570e-02 1.4367e+01 4.7802e-01 7.6897e-01 -4.2766e+00 3.5574e-01 3.1424e+00 3.3609e-01 2
1.8862e+02 2.1630e+02 1.6598e+02 1.7190e-02 9.0000e-05 9.9600e-03 1.0270e-02 2.9870e-02 7.1180e-02 7.2200e-01 3.4740e-02 4.5800e-02 6.8240e-02 1.0422e-01 8.0690e-02 1.2298e+01 5.5287e-01 7.6404e-01 -3.3773e+00 3.3536e-01 3.2749e+00 4.1865e-01 2
2.0263e+02 5.6574e+02 1.7726e+02 1.6270e-02 8.0000e-05 9.1900e-03 9.6300e-03 2.7560e-02 7.1700e-02 8.3300e-01 3.5150e-02 4.2650e-02 6.4600e-02 1.0546e-01 7.8890e-02 1.4989e+01 4.2763e-01 7.7571e-01 -4.8925e+00 2.6228e-01 2.9102e+00 2.7017e-01 2
1.8669e+02 2.1196e+02 1.4944e+02 1.8720e-02 1.0000e-04 1.0750e-02 1.1540e-02 3.2250e-02 5.8300e-02 7.8400e-01 2.6990e-02 3.7140e-02 6.2590e-02 8.0960e-02 1.0952e-01 1.2529e+01 5.0783e-01 7.6273e-01 -4.4843e+00 3.4026e-01 2.9588e+00 3.0149e-01 2
1.9282e+02 2.2443e+02 1.6879e+02 3.1070e-02 1.6000e-04 1.8000e-02 1.9580e-02 5.4010e-02 1.1908e-01 1.3020e+00 5.6470e-02 7.9400e-02 1.3778e-01 1.6942e-01 2.1713e-01 8.4410e+00 6.2587e-01 7.6832e-01 -2.4340e+00 4.5049e-01 3.0792e+00 5.2737e-01 2
1.9812e+02 2.3310e+02 1.7448e+02 2.7140e-02 1.4000e-04 1.5680e-02 1.6990e-02 4.7050e-02 8.6840e-02 1.0180e+00 4.2840e-02 5.5560e-02 8.3180e-02 1.2851e-01 1.6265e-01 9.4490e+00 5.8416e-01 7.5445e-01 -2.8398e+00 3.5622e-01 3.1840e+00 4.5472e-01 2
1.2134e+02 1.3964e+02 9.8250e+01 6.8400e-03 6.0000e-05 3.8800e-03 3.3200e-03 1.1640e-02 2.5340e-02 2.4100e-01 1.3400e-02 1.3990e-02 2.0560e-02 4.0190e-02 4.1790e-02 2.1520e+01 5.6687e-01 6.7048e-01 -4.8652e+00 2.4640e-01 2.0135e+00 1.6858e-01 2
1.1910e+02 1.2844e+02 8.8833e+01 6.9200e-03 6.0000e-05 3.9300e-03 3.0000e-03 1.1790e-02 2.6820e-02 2.3600e-01 1.4840e-02 1.4050e-02 2.0180e-02 4.4510e-02 4.6110e-02 2.1824e+01 6.5168e-01 6.5933e-01 -4.2390e+00 1.7569e-01 2.4511e+00 2.4746e-01 2
1.1787e+02 1.2735e+02 9.5654e+01 6.4700e-03 5.0000e-05 3.5600e-03 3.0000e-03 1.0670e-02 3.0870e-02 2.7600e-01 1.6590e-02 1.8040e-02 2.4020e-02 4.9770e-02 2.6310e-02 2.2431e+01 6.2830e-01 6.5202e-01 -3.5837e+00 2.0791e-01 2.4396e+00 2.0626e-01 2
1.2234e+02 1.4237e+02 9.4794e+01 7.2700e-03 6.0000e-05 4.1500e-03 3.3900e-03 1.2460e-02 2.2930e-02 2.2300e-01 1.2050e-02 1.2890e-02 1.7710e-02 3.6150e-02 3.1910e-02 2.2953e+01 6.1168e-01 6.2373e-01 -5.4351e+00 2.3053e-01 2.6996e+00 2.2055e-01 2
1.1796e+02 1.3421e+02 1.0076e+02 1.8130e-02 1.5000e-04 1.1170e-02 7.1800e-03 3.3510e-02 4.9120e-02 4.3800e-01 2.6100e-02 2.1610e-02 2.9160e-02 7.8300e-02 1.0748e-01 1.9075e+01 6.3055e-01 6.4679e-01 -3.4445e+00 3.0321e-01 2.9646e+00 2.6131e-01 2
1.2614e+02 1.5428e+02 9.7543e+01 9.7500e-03 8.0000e-05 5.9300e-03 4.5400e-03 1.7780e-02 2.8520e-02 2.6600e-01 1.5000e-02 1.5810e-02 2.1570e-02 4.4990e-02 3.8280e-02 2.1534e+01 6.3501e-01 6.2734e-01 -5.0701e+00 2.8009e-01 2.8923e+00 2.4970e-01 2
1.2793e+02 1.3875e+02 1.1217e+02 6.0500e-03 5.0000e-05 3.2100e-03 3.1800e-03 9.6200e-03 3.2350e-02 3.3900e-01 1.3600e-02 1.6500e-02 3.1050e-02 4.0790e-02 2.6630e-02 1.9651e+01 6.5494e-01 6.7587e-01 -5.4985e+00 2.3420e-01 2.1030e+00 2.1664e-01 2
1.1424e+02 1.2439e+02 7.7022e+01 5.8100e-03 5.0000e-05 2.9900e-03 3.1600e-03 8.9600e-03 4.0090e-02 4.0600e-01 1.5790e-02 1.9940e-02 4.1140e-02 4.7360e-02 2.0730e-02 2.0437e+01 6.5314e-01 6.9457e-01 -5.1860e+00 2.5923e-01 2.1511e+00 2.4495e-01 2
1.1532e+02 1.3574e+02 1.0780e+02 6.1900e-03 5.0000e-05 3.5200e-03 3.2900e-03 1.0570e-02 3.2730e-02 3.2500e-01 1.6440e-02 1.7220e-02 2.9310e-02 4.9330e-02 2.8100e-02 1.9388e+01 5.7780e-01 6.8437e-01 -5.2830e+00 2.2653e-01 2.4429e+00 2.3828e-01 2
1.1455e+02 1.2678e+02 9.1121e+01 6.5100e-03 6.0000e-05 3.6600e-03 3.4000e-03 1.0970e-02 3.6580e-02 3.6900e-01 1.8640e-02 1.9400e-02 3.0910e-02 5.5920e-02 2.7070e-02 1.8954e+01 6.8515e-01 7.1958e-01 -5.5298e+00 2.4275e-01 2.4087e+00 2.2052e-01 2
1.1215e+02 1.3167e+02 9.7527e+01 5.1900e-03 5.0000e-05 2.9100e-03 2.8400e-03 8.7300e-03 1.7560e-02 1.5500e-01 9.6700e-03 1.0330e-02 1.3630e-02 2.9020e-02 1.4350e-02 2.1219e+01 5.5705e-01 6.7309e-01 -5.6171e+00 1.8490e-01 1.8719e+00 2.1239e-01 2
1.0227e+02 1.4283e+02 8.5902e+01 9.0700e-03 9.0000e-05 4.9300e-03 4.6100e-03 1.4800e-02 2.8140e-02 2.7200e-01 1.5790e-02 1.5530e-02 2.0730e-02 4.7360e-02 3.8820e-02 1.8447e+01 6.7138e-01 6.7456e-01 -2.9294e+00 3.9675e-01 2.5604e+00 3.6723e-01 2
2.3620e+02 2.4466e+02 1.0214e+02 2.7700e-03 1.0000e-05 1.5400e-03 1.5300e-03 4.6200e-03 2.4480e-02 2.1700e-01 1.4100e-02 1.4260e-02 1.6210e-02 4.2310e-02 6.2000e-03 2.4078e+01 4.6993e-01 6.2823e-01 -6.8161e+00 1.7227e-01 2.2352e+00 1.1965e-01 1
2.3732e+02 2.4371e+02 2.2926e+02 3.0300e-03 1.0000e-05 1.7300e-03 1.5900e-03 5.1900e-03 1.2420e-02 1.1600e-01 6.9600e-03 7.4700e-03 8.8200e-03 2.0890e-02 5.3300e-03 2.4679e+01 3.8487e-01 6.2671e-01 -7.0181e+00 1.7632e-01 1.8524e+00 9.1604e-02 1
2.6011e+02 2.6492e+02 2.3730e+02 3.3900e-03 1.0000e-05 2.0500e-03 1.8600e-03 6.1600e-03 2.0300e-02 1.9700e-01 1.1860e-02 1.2300e-02 1.3670e-02 3.5570e-02 9.1000e-03 2.1083e+01 4.4099e-01 6.2806e-01 -7.5179e+00 1.6041e-01 1.8818e+00 7.5587e-02 1
1.9757e+02 2.1763e+02 9.0794e+01 8.0300e-03 4.0000e-05 4.9000e-03 4.4800e-03 1.4700e-02 2.1770e-02 1.8900e-01 1.2790e-02 1.2720e-02 1.4390e-02 3.8360e-02 1.3370e-02 1.9269e+01 3.7222e-01 7.2522e-01 -5.7368e+00 1.6453e-01 2.8824e+00 2.0288e-01 1
2.4030e+02 2.4513e+02 2.1978e+02 5.1700e-03 2.0000e-05 3.1600e-03 2.8300e-03 9.4900e-03 2.0180e-02 2.1200e-01 1.1760e-02 1.1910e-02 1.3440e-02 3.5290e-02 9.6500e-03 2.1020e+01 3.7184e-01 6.4617e-01 -7.1697e+00 7.3298e-02 2.2664e+00 1.0088e-01 1
2.4499e+02 2.7221e+02 2.3917e+02 4.5100e-03 2.0000e-05 2.7900e-03 2.3700e-03 8.3700e-03 1.8970e-02 1.8100e-01 1.0840e-02 1.1210e-02 1.2550e-02 3.2530e-02 1.0490e-02 2.1528e+01 5.2281e-01 6.4682e-01 -7.3045e+00 1.7109e-01 2.0952e+00 9.6220e-02 1
1.1255e+02 1.3337e+02 1.0572e+02 3.5500e-03 3.0000e-05 1.6600e-03 1.9000e-03 4.9900e-03 1.3580e-02 1.2900e-01 6.6400e-03 7.8600e-03 1.1400e-02 1.9920e-02 4.3500e-03 2.6436e+01 4.1330e-01 7.5670e-01 -6.3235e+00 2.1888e-01 2.1934e+00 1.6038e-01 1
1.1074e+02 1.1360e+02 1.0014e+02 3.5600e-03 3.0000e-05 1.7000e-03 2.0000e-03 5.1000e-03 1.4840e-02 1.3300e-01 7.5400e-03 9.5000e-03 1.2850e-02 2.2610e-02 4.3000e-03 2.6550e+01 3.6909e-01 7.7616e-01 -6.0856e+00 1.9237e-01 1.8890e+00 1.7415e-01 1
1.1372e+02 1.1644e+02 9.6913e+01 3.4900e-03 3.0000e-05 1.7100e-03 2.0300e-03 5.1400e-03 1.4720e-02 1.3300e-01 7.4800e-03 9.0500e-03 1.1480e-02 2.2450e-02 4.7800e-03 2.6547e+01 3.8025e-01 7.6670e-01 -5.9435e+00 1.9215e-01 1.8525e+00 1.7968e-01 1
1.1700e+02 1.4447e+02 9.9923e+01 3.5300e-03 3.0000e-05 1.7600e-03 2.1800e-03 5.2800e-03 1.6570e-02 1.4500e-01 8.8100e-03 1.0620e-02 1.3180e-02 2.6430e-02 5.9000e-03 2.5445e+01 3.8748e-01 7.5648e-01 -6.0126e+00 2.2930e-01 1.8729e+00 1.6312e-01 1
1.1538e+02 1.2311e+02 1.0863e+02 3.3200e-03 3.0000e-05 1.6000e-03 1.9900e-03 4.8000e-03 1.5030e-02 1.3700e-01 8.1200e-03 9.3300e-03 1.1330e-02 2.4360e-02 4.0100e-03 2.6005e+01 4.0599e-01 7.6126e-01 -5.9668e+00 1.9794e-01 1.9749e+00 1.8407e-01 1
1.1639e+02 1.2904e+02 1.0897e+02 3.4600e-03 3.0000e-05 1.6900e-03 2.1300e-03 5.0700e-03 1.7250e-02 1.5500e-01 8.7400e-03 1.0210e-02 1.3310e-02 2.6230e-02 4.1500e-03 2.6143e+01 3.6123e-01 7.6324e-01 -6.0169e+00 1.0926e-01 2.0047e+00 1.7443e-01 1
1.5174e+02 1.9020e+02 1.2986e+02 3.1400e-03 2.0000e-05 1.3500e-03 1.6200e-03 4.0600e-03 1.4690e-02 1.3200e-01 7.2800e-03 8.8600e-03 1.2300e-02 2.1840e-02 5.7000e-03 2.4151e+01 3.9661e-01 7.4596e-01 -6.4868e+00 1.9792e-01 2.4498e+00 1.3270e-01 2
1.4879e+02 1.5836e+02 1.3899e+02 3.0900e-03 2.0000e-05 1.5200e-03 1.8600e-03 4.5600e-03 1.5740e-02 1.4200e-01 8.3900e-03 9.5600e-03 1.3090e-02 2.5180e-02 4.8800e-03 2.4412e+01 4.0259e-01 7.6251e-01 -6.3120e+00 1.8246e-01 2.2516e+00 1.6031e-01 2
1.4814e+02 1.5598e+02 1.3504e+02 3.9200e-03 3.0000e-05 2.0400e-03 2.3100e-03 6.1200e-03 1.4500e-02 1.3100e-01 7.2500e-03 8.7600e-03 1.2630e-02 2.1750e-02 5.4000e-03 2.3683e+01 3.9850e-01 7.7835e-01 -5.7112e+00 2.4088e-01 2.8451e+00 1.9273e-01 2
1.5044e+02 1.6344e+02 1.4474e+02 3.9600e-03 3.0000e-05 2.0600e-03 2.3300e-03 6.1900e-03 2.5510e-02 2.3700e-01 1.3210e-02 1.5740e-02 2.1480e-02 3.9640e-02 6.1100e-03 2.3133e+01 3.5240e-01 7.5932e-01 -6.2614e+00 1.8322e-01 2.2642e+00 1.4411e-01 2
1.4846e+02 1.6108e+02 1.4200e+02 3.9700e-03 3.0000e-05 2.0200e-03 2.3500e-03 6.0500e-03 1.8310e-02 1.6300e-01 9.5000e-03 1.1030e-02 1.5590e-02 2.8490e-02 6.3900e-03 2.2866e+01 4.0860e-01 7.6885e-01 -5.7041e+00 2.1620e-01 2.6792e+00 1.9771e-01 2
1.4982e+02 1.6342e+02 1.4479e+02 3.3600e-03 2.0000e-05 1.7400e-03 1.9800e-03 5.2100e-03 2.1450e-02 1.9800e-01 1.1550e-02 1.3410e-02 1.6660e-02 3.4640e-02 5.9500e-03 2.3008e+01 3.2958e-01 7.5718e-01 -6.2772e+00 1.0940e-01 2.2090e+00 1.5637e-01 2
1.1723e+02 1.2392e+02 1.0666e+02 4.1700e-03 4.0000e-05 1.8600e-03 2.7000e-03 5.5800e-03 1.9090e-02 1.7100e-01 8.6400e-03 1.2230e-02 1.9490e-02 2.5920e-02 9.5500e-03 2.3079e+01 6.0352e-01 6.6956e-01 -5.6191e+00 1.9158e-01 2.0272e+00 2.1572e-01 1
1.1685e+02 2.1755e+02 9.9503e+01 5.3100e-03 5.0000e-05 2.6000e-03 3.4600e-03 7.8000e-03 1.7950e-02 1.6300e-01 8.1000e-03 1.1440e-02 1.7560e-02 2.4290e-02 1.1790e-02 2.2085e+01 6.6384e-01 6.5652e-01 -5.1989e+00 2.0677e-01 2.1204e+00 2.5240e-01 1
1.1629e+02 1.7729e+02 9.6983e+01 3.1400e-03 3.0000e-05 1.3400e-03 1.9200e-03 4.0300e-03 1.5640e-02 1.3600e-01 6.6700e-03 9.9000e-03 1.6910e-02 2.0010e-02 7.3700e-03 2.4199e+01 5.9852e-01 6.5433e-01 -5.5926e+00 1.3392e-01 2.0587e+00 2.1435e-01 1
1.1656e+02 5.9203e+02 8.6228e+01 4.9600e-03 4.0000e-05 2.5400e-03 2.6300e-03 7.6200e-03 1.6600e-02 1.5400e-01 8.2000e-03 9.7200e-03 1.4910e-02 2.4600e-02 1.3970e-02 2.3958e+01 5.6642e-01 6.6765e-01 -6.4311e+00 1.5331e-01 2.1619e+00 1.2061e-01 1
1.1634e+02 5.8129e+02 9.4246e+01 2.6700e-03 2.0000e-05 1.1500e-03 1.4800e-03 3.4500e-03 1.3000e-02 1.1700e-01 6.3100e-03 7.8900e-03 1.1440e-02 1.8920e-02 6.8000e-03 2.5023e+01 5.2848e-01 6.6388e-01 -6.3590e+00 1.1664e-01 2.1521e+00 1.3887e-01 1
1.1456e+02 1.1917e+02 8.6647e+01 3.2700e-03 3.0000e-05 1.4600e-03 1.8400e-03 4.3900e-03 1.1850e-02 1.0600e-01 5.5700e-03 7.2100e-03 1.0950e-02 1.6720e-02 7.0300e-03 2.4775e+01 5.5530e-01 6.5913e-01 -6.7102e+00 1.4969e-01 1.9140e+00 1.2178e-01 1
2.0177e+02 2.6271e+02 7.8228e+01 6.9400e-03 3.0000e-05 4.1200e-03 3.9600e-03 1.2350e-02 2.5740e-02 2.5500e-01 1.4540e-02 1.5820e-02 1.7580e-02 4.3630e-02 4.4410e-02 1.9368e+01 5.0848e-01 6.8376e-01 -6.9345e+00 1.5989e-01 2.3163e+00 1.1284e-01 1
1.7419e+02 2.3098e+02 9.4261e+01 4.5900e-03 3.0000e-05 2.6300e-03 2.5900e-03 7.9000e-03 4.0870e-02 4.0500e-01 2.3360e-02 2.4980e-02 2.7450e-02 7.0080e-02 2.7640e-02 1.9517e+01 4.4844e-01 6.5790e-01 -6.5386e+00 1.2195e-01 2.6575e+00 1.3305e-01 1
2.0952e+02 2.5302e+02 8.9488e+01 5.6400e-03 3.0000e-05 3.3100e-03 2.9200e-03 9.9400e-03 2.7510e-02 2.6300e-01 1.6040e-02 1.6570e-02 1.8790e-02 4.8120e-02 1.8100e-02 1.9147e+01 4.3167e-01 6.8324e-01 -6.1953e+00 1.2930e-01 2.7843e+00 1.6889e-01 1
1.7469e+02 2.4000e+02 7.4287e+01 1.3600e-02 8.0000e-05 6.2400e-03 5.6400e-03 1.8730e-02 2.3080e-02 2.5600e-01 1.2680e-02 1.3650e-02 1.6670e-02 3.8040e-02 1.0715e-01 1.7883e+01 4.0757e-01 6.5568e-01 -6.7872e+00 1.5845e-01 2.6798e+00 1.3173e-01 1
1.9876e+02 3.9696e+02 7.4904e+01 7.4000e-03 4.0000e-05 3.7000e-03 3.9000e-03 1.1090e-02 2.2960e-02 2.4100e-01 1.2650e-02 1.3210e-02 1.5880e-02 3.7940e-02 7.2230e-02 1.9020e+01 4.5122e-01 6.4396e-01 -6.7446e+00 2.0745e-01 2.1386e+00 1.2331e-01 1
2.1429e+02 2.6028e+02 7.7973e+01 5.6700e-03 3.0000e-05 2.9500e-03 3.1700e-03 8.8500e-03 1.8840e-02 1.9000e-01 1.0260e-02 1.1610e-02 1.3730e-02 3.0780e-02 4.3980e-02 2.1209e+01 4.6280e-01 6.6436e-01 -5.7241e+00 1.9067e-01 2.5555e+00 1.4857e-01 1
