2.0000e+00 5.0000e+01 1.2500e+04 9.8000e+01 2
0.0000e+00 1.3000e+01 3.2500e+03 2.8000e+01 2
1.0000e+00 1.6000e+01 4.0000e+03 3.5000e+01 2
2.0000e+00 2.0000e+01 5.0000e+03 4.5000e+01 2
1.0000e+00 2.4000e+01 6.0000e+03 7.7000e+01 1
4.0000e+00 4.0000e+00 1.0000e+03 4.0000e+00 1
2.0000e+00 7.0000e+00 1.7500e+03 1.4000e+01 2
1.0000e+00 1.2000e+01 3.0000e+03 3.5000e+01 1
2.0000e+00 9.0000e+00 2.2500e+03 2.2000e+01 2
5.0000e+00 4.6000e+01 1.1500e+04 9.8000e+01 2
4.0000e+00 2.3000e+01 5.7500e+03 5.8000e+01 1
0.0000e+00 3.0000e+00 7.5000e+02 4.0000e+00 1
2.0000e+00 1.0000e+01 2.5000e+03 2.8000e+01 2
1.0000e+00 1.3000e+01 3.2500e+03 4.7000e+01 1
2.0000e+00 6.0000e+00 1.5000e+03 1.5000e+01 2
2.0000e+00 5.0000e+00 1.2500e+03 1.1000e+01 2
2.0000e+00 1.4000e+01 3.5000e+03 4.8000e+01 2
2.0000e+00 1.5000e+01 3.7500e+03 4.9000e+01 2
2.0000e+00 6.0000e+00 1.5000e+03 1.5000e+01 2
2.0000e+00 3.0000e+00 7.5000e+02 4.0000e+00 2
2.0000e+00 3.0000e+00 7.5000e+02 4.0000e+00 2
4.0000e+00 1.1000e+01 2.7500e+03 2.8000e+01 1
2.0000e+00 6.0000e+00 1.5000e+03 1.6000e+01 2
2.0000e+00 6.0000e+00 1.5000e+03 1.6000e+01 2
9.0000e+00 9.0000e+00 2.2500e+03 1.6000e+01 1
4.0000e+00 1.4000e+01 3.5000e+03 4.0000e+01 1
4.0000e+00 6.0000e+00 1.5000e+03 1.4000e+01 1
4.0000e+00 1.2000e+01 3.0000e+03 3.4000e+01 2
4.0000e+00 5.0000e+00 1.2500e+03 1.1000e+01 2
4.0000e+00 8.0000e+00 2.0000e+03 2.1000e+01 1
1.0000e+00 1.4000e+01 3.5000e+03 5.8000e+01 1
4.0000e+00 1.0000e+01 2.5000e+03 2.8000e+01 2
4.0000e+00 1.0000e+01 2.5000e+03 2.8000e+01 2
4.0000e+00 9.0000e+00 2.2500e+03 2.6000e+01 2
2.0000e+00 1.6000e+01 4.0000e+03 6.4000e+01 1
2.0000e+00 8.0000e+00 2.0000e+03 2.8000e+01 2
2.0000e+00 1.2000e+01 3.0000e+03 4.7000e+01 2
4.0000e+00 6.0000e+00 1.5000e+03 1.6000e+01 2
2.0000e+00 1.4000e+01 3.5000e+03 5.7000e+01 2
4.0000e+00 7.0000e+00 1.7500e+03 2.2000e+01 2
2.0000e+00 1.3000e+01 3.2500e+03 5.3000e+01 2
2.0000e+00 5.0000e+00 1.2500e+03 1.6000e+01 1
2.0000e+00 5.0000e+00 1.2500e+03 1.6000e+01 2
2.0000e+00 5.0000e+00 1.2500e+03 1.6000e+01 1
4.0000e+00 2.0000e+01 5.0000e+03 6.9000e+01 2
4.0000e+00 9.0000e+00 2.2500e+03 2.8000e+01 2
2.0000e+00 9.0000e+00 2.2500e+03 3.6000e+01 1
2.0000e+00 2.0000e+00 5.0000e+02 2.0000e+00 1
2.0000e+00 2.0000e+00 5.0000e+02 2.0000e+00 1
2.0000e+00 2.0000e+00 5.0000e+02 2.0000e+00 1
2.0000e+00 1.1000e+01 2.7500e+03 4.6000e+01 1
2.0000e+00 1.1000e+01 2.7500e+03 4.6000e+01 2
2.0000e+00 6.0000e+00 1.5000e+03 2.2000e+01 1
2.0000e+00 1.2000e+01 3.0000e+03 5.2000e+01 1
4.0000e+00 5.0000e+00 1.2500e+03 1.4000e+01 2
4.0000e+00 1.9000e+01 4.7500e+03 6.9000e+01 2
4.0000e+00 8.0000e+00 2.0000e+03 2.6000e+01 2
2.0000e+00 7.0000e+00 1.7500e+03 2.8000e+01 2
2.0000e+00 1.6000e+01 4.0000e+03 8.1000e+01 1
3.0000e+00 6.0000e+00 1.5000e+03 2.1000e+01 1
2.0000e+00 7.0000e+00 1.7500e+03 2.9000e+01 1
2.0000e+00 8.0000e+00 2.0000e+03 3.5000e+01 2
2.0000e+00 1.0000e+01 2.5000e+03 4.9000e+01 1
4.0000e+00 5.0000e+00 1.2500e+03 1.6000e+01 2
2.0000e+00 3.0000e+00 7.5000e+02 9.0000e+00 2
3.0000e+00 1.6000e+01 4.0000e+03 7.4000e+01 1
2.0000e+00 4.0000e+00 1.0000e+03 1.4000e+01 2
0.0000e+00 2.0000e+00 5.0000e+02 4.0000e+00 1
4.0000e+00 7.0000e+00 1.7500e+03 2.5000e+01 1
1.0000e+00 9.0000e+00 2.2500e+03 5.1000e+01 1
2.0000e+00 4.0000e+00 1.0000e+03 1.6000e+01 1
2.0000e+00 4.0000e+00 1.0000e+03 1.6000e+01 1
4.0000e+00 1.7000e+01 4.2500e+03 7.1000e+01 2
2.0000e+00 2.0000e+00 5.0000e+02 4.0000e+00 1
2.0000e+00 2.0000e+00 5.0000e+02 4.0000e+00 2
2.0000e+00 2.0000e+00 5.0000e+02 4.0000e+00 2
2.0000e+00 4.0000e+00 1.0000e+03 1.6000e+01 2
2.0000e+00 2.0000e+00 5.0000e+02 4.0000e+00 1
2.0000e+00 2.0000e+00 5.0000e+02 4.0000e+00 1
2.0000e+00 2.0000e+00 5.0000e+02 4.0000e+00 1
4.0000e+00 6.0000e+00 1.5000e+03 2.3000e+01 2
2.0000e+00 4.0000e+00 1.0000e+03 1.6000e+01 1
2.0000e+00 4.0000e+00 1.0000e+03 1.6000e+01 1
2.0000e+00 4.0000e+00 1.0000e+03 1.6000e+01 1
2.0000e+00 6.0000e+00 1.5000e+03 2.8000e+01 2
2.0000e+00 6.0000e+00 1.5000e+03 2.8000e+01 1
4.0000e+00 2.0000e+00 5.0000e+02 4.0000e+00 1
4.0000e+00 2.0000e+00 5.0000e+02 4.0000e+00 1
4.0000e+00 2.0000e+00 5.0000e+02 4.0000e+00 1
2.0000e+00 7.0000e+00 1.7500e+03 3.5000e+01 2
4.0000e+00 2.0000e+00 5.0000e+02 4.0000e+00 2
4.0000e+00 2.0000e+00 5.0000e+02 4.0000e+00 1
4.0000e+00 2.0000e+00 5.0000e+02 4.0000e+00 1
4.0000e+00 2.0000e+00 5.0000e+02 4.0000e+00 1
1.2000e+01 1.1000e+01 2.7500e+03 2.3000e+01 1
4.0000e+00 7.0000e+00 1.7500e+03 2.8000e+01 1
3.0000e+00 1.7000e+01 4.2500e+03 8.6000e+01 1
4.0000e+00 9.0000e+00 2.2500e+03 3.8000e+01 2
4.0000e+00 4.0000e+00 1.0000e+03 1.4000e+01 2
5.0000e+00 7.0000e+00 1.7500e+03 2.6000e+01 2
4.0000e+00 8.0000e+00 2.0000e+03 3.4000e+01 2
2.0000e+00 1.3000e+01 3.2500e+03 7.6000e+01 2
4.0000e+00 9.0000e+00 2.2500e+03 4.0000e+01 1
2.0000e+00 5.0000e+00 1.2500e+03 2.6000e+01 1
2.0000e+00 5.0000e+00 1.2500e+03 2.6000e+01 1
6.0000e+00 1.7000e+01 4.2500e+03 7.0000e+01 1
0.0000e+00 8.0000e+00 2.0000e+03 5.9000e+01 1
3.0000e+00 5.0000e+00 1.2500e+03 2.6000e+01 1
2.0000e+00 3.0000e+00 7.5000e+02 1.4000e+01 1
2.0000e+00 1.0000e+01 2.5000e+03 6.4000e+01 1
4.0000e+00 5.0000e+00 1.2500e+03 2.3000e+01 2
4.0000e+00 9.0000e+00 2.2500e+03 4.6000e+01 1
4.0000e+00 5.0000e+00 1.2500e+03 2.3000e+01 1
4.0000e+00 8.0000e+00 2.0000e+03 4.0000e+01 2
2.0000e+00 1.2000e+01 3.0000e+03 8.2000e+01 1
1.1000e+01 2.4000e+01 6.0000e+03 6.4000e+01 1
2.0000e+00 7.0000e+00 1.7500e+03 4.6000e+01 2
4.0000e+00 1.1000e+01 2.7500e+03 6.1000e+01 1
1.0000e+00 7.0000e+00 1.7500e+03 5.7000e+01 1
2.0000e+00 1.1000e+01 2.7500e+03 7.9000e+01 2
2.0000e+00 3.0000e+00 7.5000e+02 1.6000e+01 2
4.0000e+00 5.0000e+00 1.2500e+03 2.6000e+01 2
2.0000e+00 6.0000e+00 1.5000e+03 4.1000e+01 2
2.0000e+00 5.0000e+00 1.2500e+03 3.3000e+01 2
2.0000e+00 4.0000e+00 1.0000e+03 2.6000e+01 1
2.0000e+00 5.0000e+00 1.2500e+03 3.4000e+01 1
4.0000e+00 8.0000e+00 2.0000e+03 4.6000e+01 2
2.0000e+00 4.0000e+00 1.0000e+03 2.6000e+01 1
4.0000e+00 8.0000e+00 2.0000e+03 4.8000e+01 2
2.0000e+00 2.0000e+00 5.0000e+02 1.0000e+01 2
4.0000e+00 5.0000e+00 1.2500e+03 2.8000e+01 1
2.0000e+00 1.2000e+01 3.0000e+03 9.5000e+01 1
2.0000e+00 2.0000e+00 5.0000e+02 1.0000e+01 1
4.0000e+00 6.0000e+00 1.5000e+03 3.5000e+01 1
2.0000e+00 1.1000e+01 2.7500e+03 8.8000e+01 1
2.0000e+00 3.0000e+00 7.5000e+02 1.9000e+01 1
2.0000e+00 5.0000e+00 1.2500e+03 3.7000e+01 1
2.0000e+00 1.2000e+01 3.0000e+03 9.8000e+01 1
9.0000e+00 5.0000e+00 1.2500e+03 1.9000e+01 1
2.0000e+00 2.0000e+00 5.0000e+02 1.1000e+01 1
2.0000e+00 9.0000e+00 2.2500e+03 7.4000e+01 1
5.0000e+00 1.4000e+01 3.5000e+03 8.6000e+01 1
4.0000e+00 3.0000e+00 7.5000e+02 1.6000e+01 1
4.0000e+00 3.0000e+00 7.5000e+02 1.6000e+01 1
4.0000e+00 2.0000e+00 5.0000e+02 9.0000e+00 2
4.0000e+00 3.0000e+00 7.5000e+02 1.6000e+01 2
6.0000e+00 3.0000e+00 7.5000e+02 1.4000e+01 1
2.0000e+00 2.0000e+00 5.0000e+02 1.1000e+01 1
2.0000e+00 2.0000e+00 5.0000e+02 1.1000e+01 2
2.0000e+00 2.0000e+00 5.0000e+02 1.1000e+01 1
2.0000e+00 7.0000e+00 1.7500e+03 5.8000e+01 2
4.0000e+00 6.0000e+00 1.5000e+03 3.9000e+01 1
4.0000e+00 1.1000e+01 2.7500e+03 7.8000e+01 1
2.0000e+00 1.0000e+00 2.5000e+02 2.0000e+00 2
2.0000e+00 1.0000e+00 2.5000e+02 2.0000e+00 1
2.0000e+00 1.0000e+00 2.5000e+02 2.0000e+00 1
2.0000e+00 1.0000e+00 2.5000e+02 2.0000e+00 1
2.0000e+00 1.0000e+00 2.5000e+02 2.0000e+00 1
2.0000e+00 1.0000e+00 2.5000e+02 2.0000e+00 1
2.0000e+00 1.0000e+00 2.5000e+02 2.0000e+00 1
2.0000e+00 1.0000e+00 2.5000e+02 2.0000e+00 1
2.0000e+00 1.0000e+00 2.5000e+02 2.0000e+00 1
2.0000e+00 1.0000e+00 2.5000e+02 2.0000e+00 1
2.0000e+00 1.0000e+00 2.5000e+02 2.0000e+00 2
2.0000e+00 1.0000e+00 2.5000e+02 2.0000e+00 2
2.0000e+00 1.0000e+00 2.5000e+02 2.0000e+00 2
2.0000e+00 1.0000e+00 2.5000e+02 2.0000e+00 1
2.0000e+00 1.0000e+00 2.5000e+02 2.0000e+00 1
2.0000e+00 1.0000e+00 2.5000e+02 2.0000e+00 1
2.0000e+00 1.0000e+00 2.5000e+02 2.0000e+00 1
2.0000e+00 1.0000e+00 2.5000e+02 2.0000e+00 1
2.0000e+00 1.0000e+00 2.5000e+02 2.0000e+00 1
2.0000e+00 1.0000e+00 2.5000e+02 2.0000e+00 1
2.0000e+00 1.0000e+00 2.5000e+02 2.0000e+00 1
2.0000e+00 1.0000e+00 2.5000e+02 2.0000e+00 1
1.1000e+01 1.0000e+01 2.5000e+03 3.5000e+01 1
1.1000e+01 4.0000e+00 1.0000e+03 1.6000e+01 2
4.0000e+00 5.0000e+00 1.2500e+03 3.3000e+01 2
4.0000e+00 6.0000e+00 1.5000e+03 4.1000e+01 2
2.0000e+00 3.0000e+00 7.5000e+02 2.2000e+01 1
4.0000e+00 4.0000e+00 1.0000e+03 2.6000e+01 2
1.0000e+01 4.0000e+00 1.0000e+03 1.6000e+01 1
2.0000e+00 4.0000e+00 1.0000e+03 3.5000e+01 1
4.0000e+00 1.2000e+01 3.0000e+03 8.8000e+01 1
1.3000e+01 8.0000e+00 2.0000e+03 2.6000e+01 1
1.1000e+01 9.0000e+00 2.2500e+03 3.3000e+01 1
4.0000e+00 5.0000e+00 1.2500e+03 3.4000e+01 1
4.0000e+00 4.0000e+00 1.0000e+03 2.6000e+01 1
8.0000e+00 1.5000e+01 3.7500e+03 7.7000e+01 1
4.0000e+00 5.0000e+00 1.2500e+03 3.5000e+01 2
4.0000e+00 7.0000e+00 1.7500e+03 5.2000e+01 1
4.0000e+00 7.0000e+00 1.7500e+03 5.2000e+01 1
2.0000e+00 4.0000e+00 1.0000e+03 3.5000e+01 1
1.1000e+01 1.1000e+01 2.7500e+03 4.2000e+01 1
2.0000e+00 2.0000e+00 5.0000e+02 1.4000e+01 1
2.0000e+00 5.0000e+00 1.2500e+03 4.7000e+01 2
9.0000e+00 8.0000e+00 2.0000e+03 3.8000e+01 2
4.0000e+00 6.0000e+00 1.5000e+03 4.7000e+01 1
1.1000e+01 7.0000e+00 1.7500e+03 2.9000e+01 1
9.0000e+00 9.0000e+00 2.2500e+03 4.5000e+01 1
4.0000e+00 6.0000e+00 1.5000e+03 5.2000e+01 1
4.0000e+00 7.0000e+00 1.7500e+03 5.8000e+01 1
6.0000e+00 2.0000e+00 5.0000e+02 1.1000e+01 2
4.0000e+00 7.0000e+00 1.7500e+03 5.8000e+01 1
1.1000e+01 9.0000e+00 2.2500e+03 3.8000e+01 1
1.1000e+01 6.0000e+00 1.5000e+03 2.6000e+01 1
2.0000e+00 2.0000e+00 5.0000e+02 1.6000e+01 1
2.0000e+00 7.0000e+00 1.7500e+03 7.6000e+01 1
1.1000e+01 6.0000e+00 1.5000e+03 2.7000e+01 1
1.1000e+01 3.0000e+00 7.5000e+02 1.4000e+01 1
4.0000e+00 1.0000e+00 2.5000e+02 4.0000e+00 1
4.0000e+00 1.0000e+00 2.5000e+02 4.0000e+00 1
4.0000e+00 1.0000e+00 2.5000e+02 4.0000e+00 1
4.0000e+00 1.0000e+00 2.5000e+02 4.0000e+00 1
4.0000e+00 1.0000e+00 2.5000e+02 4.0000e+00 1
4.0000e+00 1.0000e+00 2.5000e+02 4.0000e+00 2
4.0000e+00 1.0000e+00 2.5000e+02 4.0000e+00 1
4.0000e+00 1.0000e+00 2.5000e+02 4.0000e+00 1
4.0000e+00 1.0000e+00 2.5000e+02 4.0000e+00 1
4.0000e+00 1.0000e+00 2.5000e+02 4.0000e+00 1
4.0000e+00 1.0000e+00 2.5000e+02 4.0000e+00 1
4.0000e+00 1.0000e+00 2.5000e+02 4.0000e+00 2
4.0000e+00 1.0000e+00 2.5000e+02 4.0000e+00 2
4.0000e+00 1.0000e+00 2.5000e+02 4.0000e+00 1
4.0000e+00 1.0000e+00 2.5000e+02 4.0000e+00 2
4.0000e+00 1.0000e+00 2.5000e+02 4.0000e+00 2
4.0000e+00 1.0000e+00 2.5000e+02 4.0000e+00 1
4.0000e+00 3.0000e+00 7.5000e+02 2.4000e+01 1
4.0000e+00 1.0000e+00 2.5000e+02 4.0000e+00 1
4.0000e+00 1.0000e+00 2.5000e+02 4.0000e+00 1
4.0000e+00 1.0000e+00 2.5000e+02 4.0000e+00 1
4.0000e+00 1.0000e+00 2.5000e+02 4.0000e+00 2
4.0000e+00 1.0000e+00 2.5000e+02 4.0000e+00 1
1.0000e+01 8.0000e+00 2.0000e+03 3.9000e+01 1
1.4000e+01 7.0000e+00 1.7500e+03 2.6000e+01 1
8.0000e+00 1.0000e+01 2.5000e+03 6.3000e+01 1
1.1000e+01 3.0000e+00 7.5000e+02 1.5000e+01 1
4.0000e+00 2.0000e+00 5.0000e+02 1.4000e+01 1
2.0000e+00 4.0000e+00 1.0000e+03 4.3000e+01 1
8.0000e+00 9.0000e+00 2.2500e+03 5.8000e+01 1
8.0000e+00 8.0000e+00 2.0000e+03 5.2000e+01 2
1.1000e+01 2.2000e+01 5.5000e+03 9.8000e+01 1
4.0000e+00 3.0000e+00 7.5000e+02 2.5000e+01 2
1.1000e+01 1.7000e+01 4.2500e+03 7.9000e+01 2
9.0000e+00 2.0000e+00 5.0000e+02 1.1000e+01 1
4.0000e+00 5.0000e+00 1.2500e+03 4.6000e+01 1
1.1000e+01 1.2000e+01 3.0000e+03 5.8000e+01 1
7.0000e+00 1.2000e+01 3.0000e+03 8.6000e+01 1
1.1000e+01 2.0000e+00 5.0000e+02 1.1000e+01 1
1.1000e+01 2.0000e+00 5.0000e+02 1.1000e+01 1
1.1000e+01 2.0000e+00 5.0000e+02 1.1000e+01 1
2.0000e+00 6.0000e+00 1.5000e+03 7.5000e+01 1
1.1000e+01 8.0000e+00 2.0000e+03 4.1000e+01 2
1.1000e+01 3.0000e+00 7.5000e+02 1.6000e+01 2
1.2000e+01 1.3000e+01 3.2500e+03 5.9000e+01 1
2.0000e+00 3.0000e+00 7.5000e+02 3.5000e+01 1
1.6000e+01 8.0000e+00 2.0000e+03 2.8000e+01 1
1.1000e+01 7.0000e+00 1.7500e+03 3.7000e+01 1
4.0000e+00 3.0000e+00 7.5000e+02 2.8000e+01 1
1.2000e+01 1.2000e+01 3.0000e+03 5.8000e+01 1
4.0000e+00 4.0000e+00 1.0000e+03 4.1000e+01 1
1.1000e+01 1.4000e+01 3.5000e+03 7.3000e+01 2
2.0000e+00 2.0000e+00 5.0000e+02 2.3000e+01 1
2.0000e+00 3.0000e+00 7.5000e+02 3.8000e+01 2
4.0000e+00 5.0000e+00 1.2500e+03 5.8000e+01 1
4.0000e+00 4.0000e+00 1.0000e+03 4.3000e+01 2
3.0000e+00 2.0000e+00 5.0000e+02 2.3000e+01 1
1.1000e+01 8.0000e+00 2.0000e+03 4.6000e+01 1
4.0000e+00 7.0000e+00 1.7500e+03 8.2000e+01 1
1.3000e+01 4.0000e+00 1.0000e+03 2.1000e+01 1
1.6000e+01 1.1000e+01 2.7500e+03 4.0000e+01 1
1.6000e+01 7.0000e+00 1.7500e+03 2.8000e+01 1
7.0000e+00 2.0000e+00 5.0000e+02 1.6000e+01 1
4.0000e+00 5.0000e+00 1.2500e+03 5.8000e+01 1
4.0000e+00 5.0000e+00 1.2500e+03 5.8000e+01 1
4.0000e+00 4.0000e+00 1.0000e+03 4.6000e+01 1
1.4000e+01 1.3000e+01 3.2500e+03 5.7000e+01 1
4.0000e+00 3.0000e+00 7.5000e+02 3.4000e+01 1
1.4000e+01 1.8000e+01 4.5000e+03 7.8000e+01 1
1.1000e+01 8.0000e+00 2.0000e+03 4.8000e+01 1
1.4000e+01 1.6000e+01 4.0000e+03 7.0000e+01 1
1.4000e+01 4.0000e+00 1.0000e+03 2.2000e+01 2
1.4000e+01 5.0000e+00 1.2500e+03 2.6000e+01 1
8.0000e+00 2.0000e+00 5.0000e+02 1.6000e+01 1
1.1000e+01 5.0000e+00 1.2500e+03 3.3000e+01 1
1.1000e+01 2.0000e+00 5.0000e+02 1.4000e+01 1
4.0000e+00 2.0000e+00 5.0000e+02 2.3000e+01 1
9.0000e+00 2.0000e+00 5.0000e+02 1.6000e+01 2
1.4000e+01 5.0000e+00 1.2500e+03 2.8000e+01 2
1.4000e+01 3.0000e+00 7.5000e+02 1.9000e+01 2
1.4000e+01 4.0000e+00 1.0000e+03 2.3000e+01 2
1.6000e+01 1.2000e+01 3.0000e+03 5.0000e+01 1
1.1000e+01 4.0000e+00 1.0000e+03 2.8000e+01 1
1.1000e+01 5.0000e+00 1.2500e+03 3.5000e+01 1
1.1000e+01 5.0000e+00 1.2500e+03 3.5000e+01 1
2.0000e+00 4.0000e+00 1.0000e+03 7.0000e+01 1
1.4000e+01 5.0000e+00 1.2500e+03 2.8000e+01 1
1.4000e+01 2.0000e+00 5.0000e+02 1.4000e+01 1
1.4000e+01 2.0000e+00 5.0000e+02 1.4000e+01 1
1.4000e+01 2.0000e+00 5.0000e+02 1.4000e+01 1
1.4000e+01 2.0000e+00 5.0000e+02 1.4000e+01 1
1.4000e+01 2.0000e+00 5.0000e+02 1.4000e+01 1
1.4000e+01 2.0000e+00 5.0000e+02 1.4000e+01 1
2.0000e+00 3.0000e+00 7.5000e+02 5.2000e+01 1
1.4000e+01 6.0000e+00 1.5000e+03 3.4000e+01 1
1.1000e+01 5.0000e+00 1.2500e+03 3.7000e+01 2
4.0000e+00 5.0000e+00 1.2500e+03 7.4000e+01 1
1.1000e+01 3.0000e+00 7.5000e+02 2.3000e+01 1
1.6000e+01 4.0000e+00 1.0000e+03 2.3000e+01 1
1.6000e+01 3.0000e+00 7.5000e+02 1.9000e+01 1
1.1000e+01 5.0000e+00 1.2500e+03 3.8000e+01 1
1.1000e+01 2.0000e+00 5.0000e+02 1.6000e+01 1
1.2000e+01 9.0000e+00 2.2500e+03 6.0000e+01 1
9.0000e+00 1.0000e+00 2.5000e+02 9.0000e+00 1
9.0000e+00 1.0000e+00 2.5000e+02 9.0000e+00 1
4.0000e+00 2.0000e+00 5.0000e+02 2.9000e+01 1
1.1000e+01 2.0000e+00 5.0000e+02 1.7000e+01 1
1.4000e+01 4.0000e+00 1.0000e+03 2.6000e+01 1
1.1000e+01 9.0000e+00 2.2500e+03 7.2000e+01 2
1.1000e+01 5.0000e+00 1.2500e+03 4.1000e+01 1
1.5000e+01 1.6000e+01 4.0000e+03 8.2000e+01 1
9.0000e+00 5.0000e+00 1.2500e+03 5.1000e+01 2
1.1000e+01 4.0000e+00 1.0000e+03 3.4000e+01 1
1.4000e+01 8.0000e+00 2.0000e+03 5.0000e+01 2
1.6000e+01 7.0000e+00 1.7500e+03 3.8000e+01 1
1.4000e+01 2.0000e+00 5.0000e+02 1.6000e+01 1
2.0000e+00 2.0000e+00 5.0000e+02 4.1000e+01 1
1.4000e+01 1.6000e+01 4.0000e+03 9.8000e+01 1
1.4000e+01 4.0000e+00 1.0000e+03 2.8000e+01 2
1.6000e+01 7.0000e+00 1.7500e+03 3.9000e+01 1
1.4000e+01 7.0000e+00 1.7500e+03 4.7000e+01 1
1.6000e+01 6.0000e+00 1.5000e+03 3.5000e+01 1
1.6000e+01 6.0000e+00 1.5000e+03 3.5000e+01 2
1.1000e+01 7.0000e+00 1.7500e+03 6.2000e+01 2
1.6000e+01 2.0000e+00 5.0000e+02 1.6000e+01 1
1.6000e+01 3.0000e+00 7.5000e+02 2.1000e+01 2
1.1000e+01 3.0000e+00 7.5000e+02 2.8000e+01 1
1.1000e+01 7.0000e+00 1.7500e+03 6.4000e+01 1
1.1000e+01 1.0000e+00 2.5000e+02 1.1000e+01 2
9.0000e+00 3.0000e+00 7.5000e+02 3.4000e+01 1
1.4000e+01 4.0000e+00 1.0000e+03 3.0000e+01 1
2.3000e+01 3.8000e+01 9.5000e+03 9.8000e+01 1
1.1000e+01 6.0000e+00 1.5000e+03 5.8000e+01 1
1.1000e+01 1.0000e+00 2.5000e+02 1.1000e+01 1
1.1000e+01 1.0000e+00 2.5000e+02 1.1000e+01 1
1.1000e+01 1.0000e+00 2.5000e+02 1.1000e+01 1
1.1000e+01 1.0000e+00 2.5000e+02 1.1000e+01 1
1.1000e+01 1.0000e+00 2.5000e+02 1.1000e+01 1
1.1000e+01 1.0000e+00 2.5000e+02 1.1000e+01 1
1.1000e+01 1.0000e+00 2.5000e+02 1.1000e+01 1
1.1000e+01 1.0000e+00 2.5000e+02 1.1000e+01 1
1.1000e+01 2.0000e+00 5.0000e+02 2.1000e+01 1
1.1000e+01 5.0000e+00 1.2500e+03 5.0000e+01 1
1.1000e+01 2.0000e+00 5.0000e+02 2.1000e+01 1
1.6000e+01 4.0000e+00 1.0000e+03 2.8000e+01 1
4.0000e+00 2.0000e+00 5.0000e+02 4.1000e+01 1
1.6000e+01 6.0000e+00 1.5000e+03 4.0000e+01 1
1.4000e+01 3.0000e+00 7.5000e+02 2.6000e+01 1
9.0000e+00 2.0000e+00 5.0000e+02 2.6000e+01 1
2.1000e+01 1.6000e+01 4.0000e+03 6.4000e+01 1
1.4000e+01 6.0000e+00 1.5000e+03 5.1000e+01 1
1.1000e+01 2.0000e+00 5.0000e+02 2.4000e+01 1
4.0000e+00 3.0000e+00 7.5000e+02 7.1000e+01 1
2.1000e+01 1.3000e+01 3.2500e+03 5.7000e+01 1
1.1000e+01 6.0000e+00 1.5000e+03 7.1000e+01 1
1.4000e+01 2.0000e+00 5.0000e+02 2.1000e+01 2
2.3000e+01 1.5000e+01 3.7500e+03 5.7000e+01 1
1.4000e+01 4.0000e+00 1.0000e+03 3.8000e+01 1
1.1000e+01 2.0000e+00 5.0000e+02 2.6000e+01 1
1.6000e+01 5.0000e+00 1.2500e+03 4.0000e+01 2
4.0000e+00 2.0000e+00 5.0000e+02 5.1000e+01 2
1.4000e+01 3.0000e+00 7.5000e+02 3.1000e+01 1
4.0000e+00 2.0000e+00 5.0000e+02 5.2000e+01 1
9.0000e+00 4.0000e+00 1.0000e+03 6.5000e+01 1
1.4000e+01 4.0000e+00 1.0000e+03 4.0000e+01 1
1.1000e+01 3.0000e+00 7.5000e+02 4.0000e+01 2
1.4000e+01 5.0000e+00 1.2500e+03 5.0000e+01 1
1.4000e+01 1.0000e+00 2.5000e+02 1.4000e+01 1
1.4000e+01 1.0000e+00 2.5000e+02 1.4000e+01 1
1.4000e+01 1.0000e+00 2.5000e+02 1.4000e+01 1
1.4000e+01 1.0000e+00 2.5000e+02 1.4000e+01 1
1.4000e+01 1.0000e+00 2.5000e+02 1.4000e+01 1
1.4000e+01 1.0000e+00 2.5000e+02 1.4000e+01 1
1.4000e+01 1.0000e+00 2.5000e+02 1.4000e+01 1
1.4000e+01 1.0000e+00 2.5000e+02 1.4000e+01 1
1.4000e+01 7.0000e+00 1.7500e+03 7.2000e+01 1
1.4000e+01 1.0000e+00 2.5000e+02 1.4000e+01 1
1.4000e+01 1.0000e+00 2.5000e+02 1.4000e+01 1
9.0000e+00 3.0000e+00 7.5000e+02 5.2000e+01 1
1.4000e+01 7.0000e+00 1.7500e+03 7.3000e+01 1
1.1000e+01 4.0000e+00 1.0000e+03 5.8000e+01 1
1.1000e+01 4.0000e+00 1.0000e+03 5.9000e+01 1
4.0000e+00 2.0000e+00 5.0000e+02 5.9000e+01 1
1.1000e+01 4.0000e+00 1.0000e+03 6.1000e+01 1
1.6000e+01 4.0000e+00 1.0000e+03 4.0000e+01 1
1.6000e+01 1.0000e+01 2.5000e+03 8.9000e+01 1
2.1000e+01 2.0000e+00 5.0000e+02 2.1000e+01 2
2.1000e+01 3.0000e+00 7.5000e+02 2.6000e+01 1
1.6000e+01 8.0000e+00 2.0000e+03 7.6000e+01 1
2.1000e+01 3.0000e+00 7.5000e+02 2.6000e+01 2
1.8000e+01 2.0000e+00 5.0000e+02 2.3000e+01 1
2.3000e+01 5.0000e+00 1.2500e+03 3.3000e+01 1
2.3000e+01 8.0000e+00 2.0000e+03 4.6000e+01 1
1.6000e+01 3.0000e+00 7.5000e+02 3.4000e+01 1
1.4000e+01 5.0000e+00 1.2500e+03 6.4000e+01 1
1.4000e+01 3.0000e+00 7.5000e+02 4.1000e+01 1
1.6000e+01 1.0000e+00 2.5000e+02 1.6000e+01 1
1.6000e+01 1.0000e+00 2.5000e+02 1.6000e+01 1
1.6000e+01 1.0000e+00 2.5000e+02 1.6000e+01 1
1.6000e+01 1.0000e+00 2.5000e+02 1.6000e+01 1
1.6000e+01 1.0000e+00 2.5000e+02 1.6000e+01 1
1.6000e+01 1.0000e+00 2.5000e+02 1.6000e+01 1
1.6000e+01 1.0000e+00 2.5000e+02 1.6000e+01 1
1.6000e+01 4.0000e+00 1.0000e+03 4.5000e+01 1
1.6000e+01 1.0000e+00 2.5000e+02 1.6000e+01 1
1.6000e+01 1.0000e+00 2.5000e+02 1.6000e+01 1
1.6000e+01 1.0000e+00 2.5000e+02 1.6000e+01 1
1.6000e+01 1.0000e+00 2.5000e+02 1.6000e+01 1
1.6000e+01 1.0000e+00 2.5000e+02 1.6000e+01 1
1.6000e+01 2.0000e+00 5.0000e+02 2.6000e+01 1
2.1000e+01 2.0000e+00 5.0000e+02 2.3000e+01 1
1.6000e+01 2.0000e+00 5.0000e+02 2.7000e+01 1
2.1000e+01 2.0000e+00 5.0000e+02 2.3000e+01 1
2.1000e+01 2.0000e+00 5.0000e+02 2.3000e+01 1
1.4000e+01 4.0000e+00 1.0000e+03 5.7000e+01 1
1.6000e+01 5.0000e+00 1.2500e+03 6.0000e+01 1
2.3000e+01 2.0000e+00 5.0000e+02 2.3000e+01 1
1.4000e+01 5.0000e+00 1.2500e+03 7.4000e+01 1
2.3000e+01 3.0000e+00 7.5000e+02 2.8000e+01 1
1.6000e+01 3.0000e+00 7.5000e+02 4.0000e+01 1
9.0000e+00 2.0000e+00 5.0000e+02 5.2000e+01 1
9.0000e+00 2.0000e+00 5.0000e+02 5.2000e+01 1
1.6000e+01 7.0000e+00 1.7500e+03 8.7000e+01 2
1.4000e+01 4.0000e+00 1.0000e+03 6.4000e+01 1
1.4000e+01 2.0000e+00 5.0000e+02 3.5000e+01 1
1.6000e+01 7.0000e+00 1.7500e+03 9.3000e+01 1
2.1000e+01 2.0000e+00 5.0000e+02 2.5000e+01 1
1.4000e+01 3.0000e+00 7.5000e+02 5.2000e+01 1
2.3000e+01 1.4000e+01 3.5000e+03 9.3000e+01 1
1.8000e+01 8.0000e+00 2.0000e+03 9.5000e+01 1
1.6000e+01 3.0000e+00 7.5000e+02 4.6000e+01 1
1.1000e+01 3.0000e+00 7.5000e+02 7.6000e+01 1
1.1000e+01 2.0000e+00 5.0000e+02 5.2000e+01 1
1.1000e+01 3.0000e+00 7.5000e+02 7.6000e+01 1
2.3000e+01 1.2000e+01 3.0000e+03 8.6000e+01 1
2.1000e+01 3.0000e+00 7.5000e+02 3.5000e+01 1
2.3000e+01 2.0000e+00 5.0000e+02 2.6000e+01 1
2.3000e+01 2.0000e+00 5.0000e+02 2.6000e+01 1
2.3000e+01 8.0000e+00 2.0000e+03 6.4000e+01 1
1.6000e+01 3.0000e+00 7.5000e+02 5.0000e+01 1
2.3000e+01 3.0000e+00 7.5000e+02 3.3000e+01 1
2.1000e+01 3.0000e+00 7.5000e+02 3.8000e+01 1
2.3000e+01 2.0000e+00 5.0000e+02 2.8000e+01 1
2.1000e+01 1.0000e+00 2.5000e+02 2.1000e+01 1
2.1000e+01 1.0000e+00 2.5000e+02 2.1000e+01 1
2.1000e+01 1.0000e+00 2.5000e+02 2.1000e+01 1
2.1000e+01 1.0000e+00 2.5000e+02 2.1000e+01 1
2.1000e+01 1.0000e+00 2.5000e+02 2.1000e+01 1
2.1000e+01 1.0000e+00 2.5000e+02 2.1000e+01 1
2.1000e+01 1.0000e+00 2.5000e+02 2.1000e+01 1
2.1000e+01 1.0000e+00 2.5000e+02 2.1000e+01 1
2.1000e+01 1.0000e+00 2.5000e+02 2.1000e+01 1
2.1000e+01 1.0000e+00 2.5000e+02 2.1000e+01 2
2.1000e+01 1.0000e+00 2.5000e+02 2.1000e+01 1
2.1000e+01 1.0000e+00 2.5000e+02 2.1000e+01 1
2.1000e+01 5.0000e+00 1.2500e+03 6.0000e+01 1
2.3000e+01 4.0000e+00 1.0000e+03 4.5000e+01 1
2.1000e+01 4.0000e+00 1.0000e+03 5.2000e+01 1
2.2000e+01 1.0000e+00 2.5000e+02 2.2000e+01 2
1.1000e+01 2.0000e+00 5.0000e+02 7.0000e+01 1
2.3000e+01 5.0000e+00 1.2500e+03 5.8000e+01 1
2.3000e+01 3.0000e+00 7.5000e+02 4.0000e+01 1
2.3000e+01 3.0000e+00 7.5000e+02 4.1000e+01 1
1.4000e+01 3.0000e+00 7.5000e+02 8.3000e+01 1
2.1000e+01 2.0000e+00 5.0000e+02 3.5000e+01 1
2.6000e+01 5.0000e+00 1.2500e+03 4.9000e+01 2
2.3000e+01 6.0000e+00 1.5000e+03 7.0000e+01 1
2.3000e+01 1.0000e+00 2.5000e+02 2.3000e+01 1
2.3000e+01 1.0000e+00 2.5000e+02 2.3000e+01 1
2.3000e+01 1.0000e+00 2.5000e+02 2.3000e+01 1
2.3000e+01 1.0000e+00 2.5000e+02 2.3000e+01 1
2.3000e+01 1.0000e+00 2.5000e+02 2.3000e+01 1
2.3000e+01 1.0000e+00 2.5000e+02 2.3000e+01 1
2.3000e+01 1.0000e+00 2.5000e+02 2.3000e+01 1
2.3000e+01 1.0000e+00 2.5000e+02 2.3000e+01 1
2.3000e+01 4.0000e+00 1.0000e+03 5.3000e+01 1
2.1000e+01 6.0000e+00 1.5000e+03 8.6000e+01 1
2.3000e+01 3.0000e+00 7.5000e+02 4.8000e+01 1
2.1000e+01 2.0000e+00 5.0000e+02 4.1000e+01 1
2.1000e+01 3.0000e+00 7.5000e+02 6.4000e+01 1
1.6000e+01 2.0000e+00 5.0000e+02 7.0000e+01 1
2.1000e+01 3.0000e+00 7.5000e+02 7.0000e+01 1
2.3000e+01 4.0000e+00 1.0000e+03 8.7000e+01 1
2.3000e+01 3.0000e+00 7.5000e+02 8.9000e+01 1
2.3000e+01 2.0000e+00 5.0000e+02 8.7000e+01 1
3.5000e+01 3.0000e+00 7.5000e+02 6.4000e+01 1
3.8000e+01 1.0000e+00 2.5000e+02 3.8000e+01 1
3.8000e+01 1.0000e+00 2.5000e+02 3.8000e+01 1
4.0000e+01 1.0000e+00 2.5000e+02 4.0000e+01 1
7.4000e+01 1.0000e+00 2.5000e+02 7.4000e+01 1
2.0000e+00 4.3000e+01 1.0750e+04 8.6000e+01 2
6.0000e+00 2.2000e+01 5.5000e+03 2.8000e+01 2
2.0000e+00 3.4000e+01 8.5000e+03 7.7000e+01 2
2.0000e+00 4.4000e+01 1.1000e+04 9.8000e+01 1
0.0000e+00 2.6000e+01 6.5000e+03 7.6000e+01 2
2.0000e+00 4.1000e+01 1.0250e+04 9.8000e+01 2
3.0000e+00 2.1000e+01 5.2500e+03 4.2000e+01 2
2.0000e+00 1.1000e+01 2.7500e+03 2.3000e+01 1
2.0000e+00 2.1000e+01 5.2500e+03 5.2000e+01 2
2.0000e+00 1.3000e+01 3.2500e+03 3.2000e+01 2
4.0000e+00 4.0000e+00 1.0000e+03 4.0000e+00 2
2.0000e+00 1.1000e+01 2.7500e+03 2.6000e+01 1
2.0000e+00 1.1000e+01 2.7500e+03 2.8000e+01 1
3.0000e+00 1.4000e+01 3.5000e+03 3.5000e+01 1
4.0000e+00 1.6000e+01 4.0000e+03 3.8000e+01 2
4.0000e+00 6.0000e+00 1.5000e+03 1.4000e+01 1
3.0000e+00 5.0000e+00 1.2500e+03 1.2000e+01 2
4.0000e+00 3.3000e+01 8.2500e+03 9.8000e+01 2
3.0000e+00 1.0000e+01 2.5000e+03 3.3000e+01 2
4.0000e+00 1.0000e+01 2.5000e+03 2.8000e+01 2
2.0000e+00 1.1000e+01 2.7500e+03 4.0000e+01 2
2.0000e+00 1.1000e+01 2.7500e+03 4.1000e+01 2
4.0000e+00 1.3000e+01 3.2500e+03 3.9000e+01 2
1.0000e+00 1.0000e+01 2.5000e+03 4.3000e+01 2
4.0000e+00 9.0000e+00 2.2500e+03 2.8000e+01 1
2.0000e+00 4.0000e+00 1.0000e+03 1.1000e+01 1
2.0000e+00 5.0000e+00 1.2500e+03 1.6000e+01 2
2.0000e+00 1.5000e+01 3.7500e+03 6.4000e+01 1
5.0000e+00 2.4000e+01 6.0000e+03 7.9000e+01 1
2.0000e+00 6.0000e+00 1.5000e+03 2.2000e+01 2
4.0000e+00 5.0000e+00 1.2500e+03 1.6000e+01 2
2.0000e+00 4.0000e+00 1.0000e+03 1.4000e+01 2
4.0000e+00 8.0000e+00 2.0000e+03 2.8000e+01 1
2.0000e+00 4.0000e+00 1.0000e+03 1.4000e+01 1
2.0000e+00 6.0000e+00 1.5000e+03 2.6000e+01 1
4.0000e+00 5.0000e+00 1.2500e+03 1.6000e+01 2
2.0000e+00 7.0000e+00 1.7500e+03 3.2000e+01 2
2.0000e+00 6.0000e+00 1.5000e+03 2.6000e+01 2
2.0000e+00 8.0000e+00 2.0000e+03 3.8000e+01 2
2.0000e+00 2.0000e+00 5.0000e+02 4.0000e+00 2
2.0000e+00 6.0000e+00 1.5000e+03 2.8000e+01 2
2.0000e+00 1.0000e+01 2.5000e+03 5.2000e+01 1
4.0000e+00 1.6000e+01 4.0000e+03 7.0000e+01 2
4.0000e+00 2.0000e+00 5.0000e+02 4.0000e+00 2
1.0000e+00 1.4000e+01 3.5000e+03 9.5000e+01 1
4.0000e+00 2.0000e+00 5.0000e+02 4.0000e+00 2
7.0000e+00 1.4000e+01 3.5000e+03 4.8000e+01 1
2.0000e+00 3.0000e+00 7.5000e+02 1.1000e+01 1
2.0000e+00 1.2000e+01 3.0000e+03 7.0000e+01 2
4.0000e+00 7.0000e+00 1.7500e+03 3.2000e+01 2
4.0000e+00 4.0000e+00 1.0000e+03 1.6000e+01 1
2.0000e+00 6.0000e+00 1.5000e+03 3.5000e+01 2
4.0000e+00 6.0000e+00 1.5000e+03 2.8000e+01 2
2.0000e+00 3.0000e+00 7.5000e+02 1.4000e+01 1
2.0000e+00 4.0000e+00 1.0000e+03 2.3000e+01 1
4.0000e+00 4.0000e+00 1.0000e+03 1.8000e+01 1
5.0000e+00 6.0000e+00 1.5000e+03 2.8000e+01 1
4.0000e+00 6.0000e+00 1.5000e+03 3.0000e+01 1
1.4000e+01 5.0000e+00 1.2500e+03 1.4000e+01 1
3.0000e+00 8.0000e+00 2.0000e+03 5.0000e+01 1
4.0000e+00 1.1000e+01 2.7500e+03 6.4000e+01 2
4.0000e+00 9.0000e+00 2.2500e+03 5.2000e+01 1
4.0000e+00 1.6000e+01 4.0000e+03 9.8000e+01 2
7.0000e+00 1.0000e+01 2.5000e+03 4.7000e+01 1
4.0000e+00 1.4000e+01 3.5000e+03 8.6000e+01 1
2.0000e+00 9.0000e+00 2.2500e+03 7.5000e+01 1
4.0000e+00 6.0000e+00 1.5000e+03 3.5000e+01 1
4.0000e+00 9.0000e+00 2.2500e+03 5.5000e+01 1
4.0000e+00 6.0000e+00 1.5000e+03 3.5000e+01 2
2.0000e+00 6.0000e+00 1.5000e+03 4.5000e+01 1
2.0000e+00 6.0000e+00 1.5000e+03 4.7000e+01 1
4.0000e+00 2.0000e+00 5.0000e+02 9.0000e+00 1
2.0000e+00 2.0000e+00 5.0000e+02 1.1000e+01 2
2.0000e+00 2.0000e+00 5.0000e+02 1.1000e+01 1
2.0000e+00 2.0000e+00 5.0000e+02 1.1000e+01 2
4.0000e+00 6.0000e+00 1.5000e+03 3.8000e+01 2
3.0000e+00 4.0000e+00 1.0000e+03 2.9000e+01 2
9.0000e+00 9.0000e+00 2.2500e+03 3.8000e+01 1
1.1000e+01 5.0000e+00 1.2500e+03 1.8000e+01 1
2.0000e+00 3.0000e+00 7.5000e+02 2.1000e+01 1
2.0000e+00 1.0000e+00 2.5000e+02 2.0000e+00 1
2.0000e+00 1.0000e+00 2.5000e+02 2.0000e+00 2
2.0000e+00 1.0000e+00 2.5000e+02 2.0000e+00 1
2.0000e+00 1.0000e+00 2.5000e+02 2.0000e+00 1
2.0000e+00 1.0000e+00 2.5000e+02 2.0000e+00 1
2.0000e+00 1.0000e+00 2.5000e+02 2.0000e+00 1
2.0000e+00 1.0000e+00 2.5000e+02 2.0000e+00 2
2.0000e+00 1.0000e+00 2.5000e+02 2.0000e+00 1
2.0000e+00 1.0000e+00 2.5000e+02 2.0000e+00 1
2.0000e+00 1.0000e+00 2.5000e+02 2.0000e+00 1
2.0000e+00 1.0000e+00 2.5000e+02 2.0000e+00 1
1.1000e+01 1.1000e+01 2.7500e+03 3.8000e+01 1
2.0000e+00 3.0000e+00 7.5000e+02 2.2000e+01 1
9.0000e+00 1.1000e+01 2.7500e+03 4.9000e+01 2
5.0000e+00 1.1000e+01 2.7500e+03 7.5000e+01 1
3.0000e+00 5.0000e+00 1.2500e+03 3.8000e+01 1
3.0000e+00 1.0000e+00 2.5000e+02 3.0000e+00 2
4.0000e+00 6.0000e+00 1.5000e+03 4.3000e+01 1
2.0000e+00 3.0000e+00 7.5000e+02 2.4000e+01 1
1.2000e+01 1.1000e+01 2.7500e+03 3.9000e+01 1
2.0000e+00 2.0000e+00 5.0000e+02 1.4000e+01 1
4.0000e+00 6.0000e+00 1.5000e+03 4.6000e+01 1
9.0000e+00 3.0000e+00 7.5000e+02 1.4000e+01 1
1.4000e+01 8.0000e+00 2.0000e+03 2.6000e+01 1
4.0000e+00 2.0000e+00 5.0000e+02 1.3000e+01 1
4.0000e+00 1.1000e+01 2.7500e+03 9.5000e+01 1
2.0000e+00 7.0000e+00 1.7500e+03 7.7000e+01 1
2.0000e+00 7.0000e+00 1.7500e+03 7.7000e+01 1
4.0000e+00 1.0000e+00 2.5000e+02 4.0000e+00 1
4.0000e+00 1.0000e+00 2.5000e+02 4.0000e+00 1
4.0000e+00 1.0000e+00 2.5000e+02 4.0000e+00 1
4.0000e+00 1.0000e+00 2.5000e+02 4.0000e+00 1
4.0000e+00 1.0000e+00 2.5000e+02 4.0000e+00 2
4.0000e+00 1.0000e+00 2.5000e+02 4.0000e+00 1
4.0000e+00 1.0000e+00 2.5000e+02 4.0000e+00 1
4.0000e+00 1.0000e+00 2.5000e+02 4.0000e+00 1
4.0000e+00 1.0000e+00 2.5000e+02 4.0000e+00 1
4.0000e+00 1.0000e+00 2.5000e+02 4.0000e+00 1
4.0000e+00 1.0000e+00 2.5000e+02 4.0000e+00 2
4.0000e+00 1.0000e+00 2.5000e+02 4.0000e+00 1
4.0000e+00 7.0000e+00 1.7500e+03 6.2000e+01 1
4.0000e+00 1.0000e+00 2.5000e+02 4.0000e+00 1
4.0000e+00 4.0000e+00 1.0000e+03 3.4000e+01 2
1.1000e+01 6.0000e+00 1.5000e+03 2.8000e+01 1
1.3000e+01 3.0000e+00 7.5000e+02 1.4000e+01 2
7.0000e+00 5.0000e+00 1.2500e+03 3.5000e+01 1
9.0000e+00 9.0000e+00 2.2500e+03 5.4000e+01 1
1.1000e+01 2.0000e+00 5.0000e+02 1.1000e+01 1
2.0000e+00 5.0000e+00 1.2500e+03 6.3000e+01 1
7.0000e+00 1.1000e+01 2.7500e+03 8.9000e+01 1
8.0000e+00 9.0000e+00 2.2500e+03 6.4000e+01 1
2.0000e+00 2.0000e+00 5.0000e+02 2.2000e+01 1
6.0000e+00 3.0000e+00 7.5000e+02 2.6000e+01 1
1.2000e+01 1.5000e+01 3.7500e+03 7.1000e+01 1
1.3000e+01 3.0000e+00 7.5000e+02 1.6000e+01 1
1.1000e+01 1.6000e+01 4.0000e+03 8.9000e+01 1
4.0000e+00 5.0000e+00 1.2500e+03 5.8000e+01 1
1.4000e+01 7.0000e+00 1.7500e+03 3.5000e+01 1
1.1000e+01 4.0000e+00 1.0000e+03 2.7000e+01 1
7.0000e+00 9.0000e+00 2.2500e+03 8.9000e+01 2
1.1000e+01 8.0000e+00 2.0000e+03 5.2000e+01 2
7.0000e+00 5.0000e+00 1.2500e+03 5.2000e+01 1
1.1000e+01 6.0000e+00 1.5000e+03 4.1000e+01 1
1.0000e+01 5.0000e+00 1.2500e+03 3.8000e+01 1
1.4000e+01 2.0000e+00 5.0000e+02 1.4000e+01 2
1.4000e+01 2.0000e+00 5.0000e+02 1.4000e+01 1
1.4000e+01 2.0000e+00 5.0000e+02 1.4000e+01 1
2.0000e+00 2.0000e+00 5.0000e+02 3.3000e+01 1
1.1000e+01 3.0000e+00 7.5000e+02 2.3000e+01 1
1.4000e+01 8.0000e+00 2.0000e+03 4.6000e+01 1
9.0000e+00 1.0000e+00 2.5000e+02 9.0000e+00 1
1.6000e+01 5.0000e+00 1.2500e+03 2.7000e+01 1
1.4000e+01 4.0000e+00 1.0000e+03 2.6000e+01 1
4.0000e+00 2.0000e+00 5.0000e+02 3.0000e+01 1
1.4000e+01 3.0000e+00 7.5000e+02 2.1000e+01 1
1.6000e+01 1.6000e+01 4.0000e+03 7.7000e+01 1
4.0000e+00 2.0000e+00 5.0000e+02 3.1000e+01 1
1.4000e+01 8.0000e+00 2.0000e+03 5.0000e+01 1
1.1000e+01 3.0000e+00 7.5000e+02 2.6000e+01 1
1.4000e+01 7.0000e+00 1.7500e+03 4.5000e+01 1
1.5000e+01 5.0000e+00 1.2500e+03 3.3000e+01 1
1.6000e+01 2.0000e+00 5.0000e+02 1.6000e+01 1
1.6000e+01 3.0000e+00 7.5000e+02 2.1000e+01 1
1.1000e+01 8.0000e+00 2.0000e+03 7.2000e+01 1
1.1000e+01 1.0000e+00 2.5000e+02 1.1000e+01 1
1.1000e+01 1.0000e+00 2.5000e+02 1.1000e+01 1
1.1000e+01 1.0000e+00 2.5000e+02 1.1000e+01 1
1.1000e+01 1.0000e+00 2.5000e+02 1.1000e+01 2
1.1000e+01 1.0000e+00 2.5000e+02 1.1000e+01 1
2.0000e+00 3.0000e+00 7.5000e+02 7.5000e+01 2
2.0000e+00 3.0000e+00 7.5000e+02 7.7000e+01 1
1.6000e+01 4.0000e+00 1.0000e+03 2.8000e+01 1
1.6000e+01 1.5000e+01 3.7500e+03 8.7000e+01 1
1.6000e+01 1.4000e+01 3.5000e+03 8.3000e+01 1
1.6000e+01 1.0000e+01 2.5000e+03 6.2000e+01 1
1.6000e+01 3.0000e+00 7.5000e+02 2.3000e+01 1
1.4000e+01 3.0000e+00 7.5000e+02 2.6000e+01 1
2.3000e+01 1.9000e+01 4.7500e+03 6.2000e+01 1
1.1000e+01 7.0000e+00 1.7500e+03 7.5000e+01 1
1.4000e+01 3.0000e+00 7.5000e+02 2.8000e+01 1
2.0000e+01 1.4000e+01 3.5000e+03 6.9000e+01 2
4.0000e+00 2.0000e+00 5.0000e+02 4.6000e+01 1
1.1000e+01 2.0000e+00 5.0000e+02 2.5000e+01 1
1.1000e+01 3.0000e+00 7.5000e+02 3.7000e+01 1
1.6000e+01 4.0000e+00 1.0000e+03 3.3000e+01 1
2.1000e+01 7.0000e+00 1.7500e+03 3.8000e+01 1
1.3000e+01 7.0000e+00 1.7500e+03 7.6000e+01 1
1.6000e+01 6.0000e+00 1.5000e+03 5.0000e+01 1
1.4000e+01 3.0000e+00 7.5000e+02 3.3000e+01 1
1.4000e+01 1.0000e+00 2.5000e+02 1.4000e+01 1
1.4000e+01 1.0000e+00 2.5000e+02 1.4000e+01 1
1.4000e+01 1.0000e+00 2.5000e+02 1.4000e+01 1
1.4000e+01 1.0000e+00 2.5000e+02 1.4000e+01 1
1.4000e+01 1.0000e+00 2.5000e+02 1.4000e+01 1
1.4000e+01 1.0000e+00 2.5000e+02 1.4000e+01 1
1.7000e+01 7.0000e+00 1.7500e+03 5.8000e+01 2
1.4000e+01 3.0000e+00 7.5000e+02 3.5000e+01 1
1.4000e+01 3.0000e+00 7.5000e+02 3.5000e+01 1
1.6000e+01 7.0000e+00 1.7500e+03 6.4000e+01 1
2.1000e+01 2.0000e+00 5.0000e+02 2.1000e+01 1
1.6000e+01 3.0000e+00 7.5000e+02 3.5000e+01 1
1.6000e+01 1.0000e+00 2.5000e+02 1.6000e+01 1
1.6000e+01 1.0000e+00 2.5000e+02 1.6000e+01 1
1.6000e+01 1.0000e+00 2.5000e+02 1.6000e+01 1
1.6000e+01 1.0000e+00 2.5000e+02 1.6000e+01 1
1.6000e+01 1.0000e+00 2.5000e+02 1.6000e+01 1
1.4000e+01 2.0000e+00 5.0000e+02 2.9000e+01 1
1.1000e+01 4.0000e+00 1.0000e+03 7.4000e+01 1
1.1000e+01 2.0000e+00 5.0000e+02 3.8000e+01 2
2.1000e+01 6.0000e+00 1.5000e+03 4.8000e+01 1
2.3000e+01 2.0000e+00 5.0000e+02 2.3000e+01 1
2.3000e+01 6.0000e+00 1.5000e+03 4.5000e+01 1
1.4000e+01 2.0000e+00 5.0000e+02 3.5000e+01 2
1.6000e+01 6.0000e+00 1.5000e+03 8.1000e+01 1
1.6000e+01 4.0000e+00 1.0000e+03 5.8000e+01 1
1.6000e+01 5.0000e+00 1.2500e+03 7.1000e+01 1
2.1000e+01 2.0000e+00 5.0000e+02 2.6000e+01 1
2.1000e+01 3.0000e+00 7.5000e+02 3.5000e+01 1
2.1000e+01 3.0000e+00 7.5000e+02 3.5000e+01 1
2.3000e+01 8.0000e+00 2.0000e+03 6.9000e+01 1
2.1000e+01 3.0000e+00 7.5000e+02 3.8000e+01 1
2.3000e+01 3.0000e+00 7.5000e+02 3.5000e+01 1
2.1000e+01 3.0000e+00 7.5000e+02 4.0000e+01 1
2.3000e+01 2.0000e+00 5.0000e+02 2.8000e+01 1
2.1000e+01 1.0000e+00 2.5000e+02 2.1000e+01 1
2.1000e+01 1.0000e+00 2.5000e+02 2.1000e+01 1
2.5000e+01 6.0000e+00 1.5000e+03 5.0000e+01 1
2.1000e+01 1.0000e+00 2.5000e+02 2.1000e+01 1
2.1000e+01 1.0000e+00 2.5000e+02 2.1000e+01 1
2.3000e+01 3.0000e+00 7.5000e+02 3.9000e+01 1
2.1000e+01 2.0000e+00 5.0000e+02 3.3000e+01 1
1.4000e+01 3.0000e+00 7.5000e+02 7.9000e+01 1
2.3000e+01 1.0000e+00 2.5000e+02 2.3000e+01 2
2.3000e+01 1.0000e+00 2.5000e+02 2.3000e+01 1
2.3000e+01 1.0000e+00 2.5000e+02 2.3000e+01 1
2.3000e+01 1.0000e+00 2.5000e+02 2.3000e+01 1
2.3000e+01 1.0000e+00 2.5000e+02 2.3000e+01 1
2.3000e+01 1.0000e+00 2.5000e+02 2.3000e+01 1
2.3000e+01 1.0000e+00 2.5000e+02 2.3000e+01 1
2.3000e+01 4.0000e+00 1.0000e+03 5.2000e+01 1
2.3000e+01 1.0000e+00 2.5000e+02 2.3000e+01 1
2.3000e+01 7.0000e+00 1.7500e+03 8.8000e+01 1
1.6000e+01 3.0000e+00 7.5000e+02 8.6000e+01 1
2.3000e+01 2.0000e+00 5.0000e+02 3.8000e+01 1
2.1000e+01 2.0000e+00 5.0000e+02 5.2000e+01 1
2.3000e+01 3.0000e+00 7.5000e+02 6.2000e+01 1
3.9000e+01 1.0000e+00 2.5000e+02 3.9000e+01 1
7.2000e+01 1.0000e+00 2.5000e+02 7.2000e+01 1
