6.3028e+01 2.2553e+01 3.9609e+01 4.0475e+01 9.8673e+01 -2.5440e-01 1
3.9057e+01 1.0061e+01 2.5015e+01 2.8996e+01 1.1441e+02 4.5643e+00 1
6.8832e+01 2.2218e+01 5.0092e+01 4.6614e+01 1.0599e+02 -3.5303e+00 1
6.9297e+01 2.4653e+01 4.4311e+01 4.4644e+01 1.0187e+02 1.1212e+01 1
4.9713e+01 9.6521e+00 2.8317e+01 4.0061e+01 1.0817e+02 7.9185e+00 1
4.0250e+01 1.3922e+01 2.5125e+01 2.6328e+01 1.3033e+02 2.2307e+00 1
5.3433e+01 1.5864e+01 3.7166e+01 3.7569e+01 1.2057e+02 5.9886e+00 1
4.5367e+01 1.0756e+01 2.9038e+01 3.4611e+01 1.1727e+02 -1.0676e+01 1
4.3790e+01 1.3534e+01 4.2691e+01 3.0256e+01 1.2500e+02 1.3289e+01 1
3.6686e+01 5.0109e+00 4.1949e+01 3.1675e+01 8.4241e+01 6.6444e-01 1
4.9707e+01 1.3041e+01 3.1335e+01 3.6666e+01 1.0865e+02 -7.8260e+00 1
3.1232e+01 1.7716e+01 1.5500e+01 1.3517e+01 1.2006e+02 4.9975e-01 1
4.8916e+01 1.9965e+01 4.0264e+01 2.8951e+01 1.1932e+02 8.0289e+00 1
5.3572e+01 2.0461e+01 3.3100e+01 3.3111e+01 1.1097e+02 7.0448e+00 1
5.7300e+01 2.4189e+01 4.7000e+01 3.3111e+01 1.1681e+02 5.7669e+00 1
4.4319e+01 1.2538e+01 3.6099e+01 3.1781e+01 1.2412e+02 5.4158e+00 1
6.3835e+01 2.0363e+01 5.4552e+01 4.3472e+01 1.1231e+02 -6.2253e-01 1
3.1276e+01 3.1447e+00 3.2563e+01 2.8131e+01 1.2901e+02 3.6230e+00 1
3.8698e+01 1.3445e+01 3.1000e+01 2.5253e+01 1.2316e+02 1.4292e+00 1
4.1730e+01 1.2254e+01 3.0123e+01 2.9476e+01 1.1659e+02 -1.2444e+00 1
4.3923e+01 1.4178e+01 3.7833e+01 2.9745e+01 1.3446e+02 6.4516e+00 1
5.4919e+01 2.1062e+01 4.2200e+01 3.3857e+01 1.2521e+02 2.4326e+00 1
6.3074e+01 2.4414e+01 5.4000e+01 3.8660e+01 1.0642e+02 1.5780e+01 1
4.5541e+01 1.3070e+01 3.0298e+01 3.2471e+01 1.1798e+02 -4.9871e+00 1
3.6126e+01 2.2759e+01 2.9000e+01 1.3367e+01 1.1558e+02 -3.2376e+00 1
5.4125e+01 2.6650e+01 3.5330e+01 2.7474e+01 1.2145e+02 1.5712e+00 1
2.6148e+01 1.0759e+01 1.4000e+01 1.5388e+01 1.2520e+02 -1.0093e+01 1
4.3581e+01 1.6509e+01 4.7000e+01 2.7072e+01 1.0927e+02 8.9928e+00 1
4.4551e+01 2.1931e+01 2.6786e+01 2.2620e+01 1.1107e+02 2.6523e+00 1
6.6879e+01 2.4892e+01 4.9279e+01 4.1987e+01 1.1348e+02 -2.0059e+00 1
5.0819e+01 1.5402e+01 4.2529e+01 3.5417e+01 1.1219e+02 1.0870e+01 1
4.6390e+01 1.1079e+01 3.2137e+01 3.5311e+01 9.8775e+01 6.3868e+00 1
4.4937e+01 1.7444e+01 2.7781e+01 2.7493e+01 1.1798e+02 5.5696e+00 1
3.8663e+01 1.2986e+01 4.0000e+01 2.5677e+01 1.2491e+02 2.7030e+00 1
5.9596e+01 3.1998e+01 4.6560e+01 2.7597e+01 1.1933e+02 1.4743e+00 1
3.1484e+01 7.8262e+00 2.4285e+01 2.3658e+01 1.1383e+02 4.3931e+00 1
3.2091e+01 6.9894e+00 3.5998e+01 2.5102e+01 1.3226e+02 6.4134e+00 1
3.5703e+01 1.9443e+01 2.0700e+01 1.6260e+01 1.3754e+02 -2.6349e-01 1
5.5843e+01 2.8847e+01 4.7691e+01 2.6996e+01 1.2331e+02 2.8124e+00 1
5.2419e+01 1.9012e+01 3.5873e+01 3.3408e+01 1.1656e+02 1.6947e+00 1
3.5492e+01 1.1702e+01 1.5590e+01 2.3791e+01 1.0694e+02 -3.4604e+00 1
4.6442e+01 8.3950e+00 2.9037e+01 3.8047e+01 1.1548e+02 2.0455e+00 1
5.3855e+01 1.9231e+01 3.2779e+01 3.4624e+01 1.2167e+02 5.3298e+00 1
6.6285e+01 2.6328e+01 4.7500e+01 3.9958e+01 1.2122e+02 -7.9962e-01 1
5.6030e+01 1.6298e+01 6.2275e+01 3.9732e+01 1.1402e+02 -2.3257e+00 1
5.0912e+01 2.3015e+01 4.7000e+01 2.7897e+01 1.1742e+02 -2.5267e+00 1
4.8333e+01 2.2228e+01 3.6182e+01 2.6105e+01 1.1738e+02 6.4817e+00 1
4.1353e+01 1.6577e+01 3.0706e+01 2.4775e+01 1.1327e+02 -4.4980e+00 1
4.0557e+01 1.7978e+01 3.4000e+01 2.2580e+01 1.2105e+02 -1.5374e+00 1
4.1768e+01 1.7899e+01 2.0031e+01 2.3868e+01 1.1836e+02 2.0630e+00 1
5.5286e+01 2.0440e+01 3.4000e+01 3.4846e+01 1.1588e+02 3.5584e+00 1
7.4434e+01 4.1557e+01 2.7700e+01 3.2876e+01 1.0795e+02 5.0001e+00 1
5.0210e+01 2.9760e+01 3.6104e+01 2.0450e+01 1.2829e+02 5.7406e+00 1
3.0150e+01 1.1917e+01 3.4000e+01 1.8232e+01 1.1268e+02 1.1463e+01 1
4.1172e+01 1.7321e+01 3.3469e+01 2.3850e+01 1.1638e+02 -9.5692e+00 1
4.7658e+01 1.3277e+01 3.6680e+01 3.4380e+01 9.8250e+01 6.2730e+00 1
4.3350e+01 7.4675e+00 2.8065e+01 3.5882e+01 1.1278e+02 5.7533e+00 1
4.6856e+01 1.5352e+01 3.8000e+01 3.1504e+01 1.1625e+02 1.6627e+00 1
4.3203e+01 1.9663e+01 3.5000e+01 2.3540e+01 1.2485e+02 -2.9191e+00 1
4.8109e+01 1.4931e+01 3.5565e+01 3.3179e+01 1.2406e+02 7.9479e+00 1
7.4378e+01 3.2053e+01 7.8772e+01 4.2325e+01 1.4356e+02 5.6126e+01 2
8.9681e+01 3.2704e+01 8.3131e+01 5.6976e+01 1.2996e+02 9.2027e+01 2
4.4529e+01 9.4332e+00 5.2000e+01 3.5096e+01 1.3471e+02 2.9107e+01 2
7.7691e+01 2.1381e+01 6.4429e+01 5.6310e+01 1.1482e+02 2.6932e+01 2
7.6147e+01 2.1936e+01 8.2962e+01 5.4211e+01 1.2393e+02 1.0432e+01 2
8.3933e+01 4.1286e+01 6.2000e+01 4.2647e+01 1.1501e+02 2.6588e+01 2
7.8492e+01 2.2182e+01 6.0000e+01 5.6310e+01 1.1853e+02 2.7383e+01 2
7.5650e+01 1.9340e+01 6.4149e+01 5.6310e+01 9.5904e+01 6.9551e+01 2
7.2076e+01 1.8946e+01 5.1000e+01 5.3130e+01 1.1421e+02 1.0100e+00 2
5.8600e+01 -2.6150e-01 5.1500e+01 5.8861e+01 1.0204e+02 2.8060e+01 2
7.2561e+01 1.7385e+01 5.2000e+01 5.5176e+01 1.1919e+02 3.2109e+01 2
8.6901e+01 3.2928e+01 4.7794e+01 5.3973e+01 1.3508e+02 1.0172e+02 2
8.4974e+01 3.3021e+01 6.0860e+01 5.1953e+01 1.2566e+02 7.4333e+01 2
5.5512e+01 2.0095e+01 4.4000e+01 3.5417e+01 1.2265e+02 3.4553e+01 2
7.2222e+01 2.3078e+01 9.1000e+01 4.9145e+01 1.3774e+02 5.6804e+01 2
7.0221e+01 3.9823e+01 6.8118e+01 3.0399e+01 1.4853e+02 1.4538e+02 2
8.6754e+01 3.6043e+01 6.9221e+01 5.0711e+01 1.3941e+02 1.1086e+02 2
5.8783e+01 7.6670e+00 5.3339e+01 5.1116e+01 9.8501e+01 5.1584e+01 2
6.7413e+01 1.7443e+01 6.0145e+01 4.9970e+01 1.1112e+02 3.3158e+01 2
4.7745e+01 1.2089e+01 3.9000e+01 3.5655e+01 1.1751e+02 2.1682e+01 2
7.7107e+01 3.0470e+01 6.9481e+01 4.6637e+01 1.1215e+02 7.0759e+01 2
7.4006e+01 2.1122e+01 5.7380e+01 5.2883e+01 1.2021e+02 7.4555e+01 2
8.8624e+01 2.9089e+01 4.7564e+01 5.9534e+01 1.2176e+02 5.1806e+01 2
8.1104e+01 2.4794e+01 7.7887e+01 5.6310e+01 1.5184e+02 6.5215e+01 2
7.6326e+01 4.2396e+01 5.7200e+01 3.3930e+01 1.2427e+02 5.0127e+01 2
4.5444e+01 9.9061e+00 4.5000e+01 3.5538e+01 1.6307e+02 2.0315e+01 2
5.9785e+01 1.7879e+01 5.9206e+01 4.1906e+01 1.1932e+02 2.2124e+01 2
4.4914e+01 1.0219e+01 4.4631e+01 3.4695e+01 1.3008e+02 3.7365e+01 2
5.6606e+01 1.6800e+01 4.2000e+01 3.9806e+01 1.2729e+02 2.4019e+01 2
7.1187e+01 2.3896e+01 4.3697e+01 4.7291e+01 1.1986e+02 2.7284e+01 2
8.1656e+01 2.8749e+01 5.8233e+01 5.2907e+01 1.1477e+02 3.0609e+01 2
7.0953e+01 2.0160e+01 6.2859e+01 5.0793e+01 1.1618e+02 3.2522e+01 2
8.5352e+01 1.5845e+01 7.1669e+01 6.9507e+01 1.2442e+02 7.6021e+01 2
5.8102e+01 1.4838e+01 7.9650e+01 4.3264e+01 1.1359e+02 5.0238e+01 2
9.4175e+01 1.5381e+01 6.7706e+01 7.8794e+01 1.1489e+02 5.3255e+01 2
5.7522e+01 3.3647e+01 5.0910e+01 2.3875e+01 1.4098e+02 1.4875e+02 2
9.6657e+01 1.9462e+01 9.0211e+01 7.7196e+01 1.2067e+02 6.4081e+01 2
7.4721e+01 1.9757e+01 8.2735e+01 5.4964e+01 1.0936e+02 3.3306e+01 2
7.7655e+01 2.2433e+01 9.3893e+01 5.5222e+01 1.2306e+02 6.1211e+01 2
5.8522e+01 1.3922e+01 4.1468e+01 4.4599e+01 1.1551e+02 3.0388e+01 2
8.4586e+01 3.0362e+01 6.5479e+01 5.4224e+01 1.0801e+02 2.5118e+01 2
7.9939e+01 1.8774e+01 6.3312e+01 6.1164e+01 1.1479e+02 3.8539e+01 2
7.0399e+01 1.3470e+01 6.1200e+01 5.6929e+01 1.0234e+02 2.5538e+01 2
4.9782e+01 6.4668e+00 5.3000e+01 4.3315e+01 1.1086e+02 2.5336e+01 2
7.7409e+01 2.9397e+01 6.3232e+01 4.8013e+01 1.1845e+02 9.3564e+01 2
6.5008e+01 2.7603e+01 5.0948e+01 3.7405e+01 1.1658e+02 7.0160e+00 2
6.5014e+01 9.8383e+00 5.7736e+01 5.5176e+01 9.4739e+01 4.9697e+01 2
7.8426e+01 3.3426e+01 7.6277e+01 4.5000e+01 1.3855e+02 7.7155e+01 2
6.3173e+01 6.3309e+00 6.3000e+01 5.6842e+01 1.1064e+02 4.2608e+01 2
6.8613e+01 1.5082e+01 6.3015e+01 5.3531e+01 1.2343e+02 3.9498e+01 2
6.3901e+01 1.3706e+01 6.2124e+01 5.0194e+01 1.1413e+02 4.1423e+01 2
8.4999e+01 2.9610e+01 8.3352e+01 5.5389e+01 1.2691e+02 7.1321e+01 2
4.2021e+01 -6.5549e+00 6.7900e+01 4.8576e+01 1.1159e+02 2.7339e+01 2
6.9757e+01 1.9279e+01 4.8500e+01 5.0477e+01 9.6491e+01 5.1170e+01 2
8.0988e+01 3.6843e+01 8.6961e+01 4.4145e+01 1.4109e+02 8.5872e+01 2
1.2983e+02 8.4045e+00 4.8384e+01 1.2143e+02 1.0769e+02 4.1854e+02 2
7.0484e+01 1.2489e+01 6.2417e+01 5.7995e+01 1.1419e+02 5.6902e+01 2
8.6041e+01 3.8751e+01 4.7871e+01 4.7291e+01 1.2209e+02 6.1988e+01 2
6.5536e+01 2.4157e+01 4.5775e+01 4.1379e+01 1.3644e+02 1.6378e+01 2
6.0754e+01 1.5754e+01 4.3199e+01 4.5000e+01 1.1305e+02 3.1694e+01 2
5.4742e+01 1.2095e+01 4.1000e+01 4.2647e+01 1.1764e+02 4.0382e+01 2
8.3880e+01 2.3077e+01 8.7142e+01 6.0803e+01 1.2465e+02 8.0556e+01 2
8.0075e+01 4.8070e+01 5.2403e+01 3.2005e+01 1.1071e+02 6.7727e+01 2
6.5665e+01 1.0541e+01 5.6489e+01 5.5125e+01 1.0916e+02 5.3932e+01 2
7.4717e+01 1.4322e+01 3.2500e+01 6.0396e+01 1.0718e+02 3.7017e+01 2
4.8061e+01 5.6870e+00 5.7057e+01 4.2374e+01 9.5444e+01 3.2836e+01 2
7.0677e+01 2.1704e+01 5.9181e+01 4.8972e+01 1.0301e+02 2.7810e+01 2
8.0433e+01 1.6998e+01 6.6536e+01 6.3435e+01 1.1644e+02 5.7781e+01 2
9.0514e+01 2.8273e+01 6.9814e+01 6.2241e+01 1.0089e+02 5.8824e+01 2
7.7237e+01 1.6738e+01 4.9776e+01 6.0499e+01 1.1069e+02 3.9787e+01 2
5.0067e+01 9.1203e+00 3.2168e+01 4.0946e+01 9.9712e+01 2.6767e+01 2
6.9781e+01 1.3777e+01 5.8000e+01 5.6004e+01 1.1893e+02 1.7915e+01 2
6.9626e+01 2.1123e+01 5.2767e+01 4.8504e+01 1.1680e+02 5.4817e+01 2
8.1754e+01 2.0123e+01 7.0560e+01 6.1631e+01 1.1943e+02 5.5507e+01 2
5.2205e+01 1.7213e+01 7.8095e+01 3.4992e+01 1.3697e+02 5.4939e+01 2
7.7121e+01 3.0350e+01 7.7481e+01 4.6771e+01 1.1061e+02 8.2094e+01 2
8.8024e+01 3.9845e+01 8.1774e+01 4.8180e+01 1.1660e+02 5.6766e+01 2
8.3397e+01 3.4311e+01 7.8423e+01 4.9086e+01 1.1047e+02 4.9672e+01 2
7.2054e+01 2.4701e+01 7.9874e+01 4.7353e+01 1.0717e+02 5.6426e+01 2
8.5096e+01 2.1070e+01 9.1735e+01 6.4026e+01 1.0906e+02 3.8033e+01 2
6.9563e+01 1.5401e+01 7.4438e+01 5.4162e+01 1.0507e+02 2.9701e+01 2
8.9505e+01 4.8904e+01 7.2003e+01 4.0601e+01 1.3463e+02 1.1835e+02 2
8.5290e+01 1.8279e+01 1.0074e+02 6.7011e+01 1.1066e+02 5.8885e+01 2
6.0626e+01 2.0596e+01 6.4535e+01 4.0030e+01 1.1723e+02 1.0486e+02 2
6.0044e+01 1.4310e+01 5.8039e+01 4.5735e+01 1.0513e+02 3.0409e+01 2
8.5644e+01 4.2689e+01 7.8751e+01 4.2955e+01 1.0514e+02 4.2887e+01 2
8.5582e+01 3.0457e+01 7.8231e+01 5.5125e+01 1.1487e+02 6.8376e+01 2
5.5081e+01 -3.7599e+00 5.6000e+01 5.8841e+01 1.0992e+02 3.1774e+01 2
6.5756e+01 9.8329e+00 5.0823e+01 5.5923e+01 1.0439e+02 3.9307e+01 2
7.9250e+01 2.3945e+01 4.0797e+01 5.5305e+01 9.8623e+01 3.6706e+01 2
8.1113e+01 2.0690e+01 6.0687e+01 6.0422e+01 9.4019e+01 4.0511e+01 2
4.8031e+01 3.9698e+00 5.8345e+01 4.4061e+01 1.2535e+02 3.5000e+01 2
6.3404e+01 1.4115e+01 4.8137e+01 4.9289e+01 1.1192e+02 3.1784e+01 2
5.7287e+01 1.5149e+01 6.4000e+01 4.2138e+01 1.1674e+02 3.0341e+01 2
4.1188e+01 5.7930e+00 4.2867e+01 3.5395e+01 1.0335e+02 2.7660e+01 2
6.6805e+01 1.4552e+01 7.2085e+01 5.2253e+01 8.2456e+01 4.1685e+01 2
7.9477e+01 2.6732e+01 7.0651e+01 5.2745e+01 1.1859e+02 6.1701e+01 2
4.4216e+01 1.5071e+00 4.6110e+01 4.2709e+01 1.0863e+02 4.2810e+01 2
5.7035e+01 3.4573e-01 4.9198e+01 5.6689e+01 1.0305e+02 5.2165e+01 2
6.4275e+01 1.2509e+01 6.8702e+01 5.1766e+01 9.5252e+01 3.9410e+01 2
9.2026e+01 3.5393e+01 7.7417e+01 5.6634e+01 1.1572e+02 5.8058e+01 2
6.7263e+01 7.1947e+00 5.1697e+01 6.0068e+01 9.7801e+01 4.2137e+01 2
1.1814e+02 3.8450e+01 5.0839e+01 7.9695e+01 8.1025e+01 7.4044e+01 2
1.1592e+02 3.7515e+01 7.6800e+01 7.8408e+01 1.0470e+02 8.1199e+01 2
5.3942e+01 9.3066e+00 4.3100e+01 4.4635e+01 1.2440e+02 2.5082e+01 2
8.3703e+01 2.0268e+01 7.7111e+01 6.3435e+01 1.2548e+02 6.9280e+01 2
5.6991e+01 6.8741e+00 5.7009e+01 5.0117e+01 1.0998e+02 3.6810e+01 2
7.2344e+01 1.6421e+01 5.9869e+01 5.5923e+01 7.0083e+01 1.2073e+01 2
9.5383e+01 2.4823e+01 9.5158e+01 7.0560e+01 8.9308e+01 5.7661e+01 2
4.4253e+01 1.1011e+00 3.8000e+01 4.3152e+01 9.8274e+01 2.3911e+01 2
6.4810e+01 1.5174e+01 5.8840e+01 4.9635e+01 1.1168e+02 2.1407e+01 2
7.8401e+01 1.4042e+01 7.9694e+01 6.4359e+01 1.0473e+02 1.2393e+01 2
5.6668e+01 1.3458e+01 4.3770e+01 4.3210e+01 9.3692e+01 2.1108e+01 2
5.0825e+01 9.0647e+00 5.6300e+01 4.1760e+01 7.8999e+01 2.3042e+01 2
6.1412e+01 2.5384e+01 3.9097e+01 3.6027e+01 1.0340e+02 2.1843e+01 2
5.6564e+01 8.9613e+00 5.2578e+01 4.7603e+01 9.8777e+01 5.0702e+01 2
6.7028e+01 1.3282e+01 6.6150e+01 5.3746e+01 1.0072e+02 3.3989e+01 2
8.0818e+01 1.9239e+01 6.1642e+01 6.1579e+01 8.9472e+01 4.4168e+01 2
8.0654e+01 2.6344e+01 6.0898e+01 5.4310e+01 1.2010e+02 5.2468e+01 2
6.8722e+01 4.9432e+01 6.8056e+01 1.9290e+01 1.2502e+02 5.4691e+01 2
3.7904e+01 4.4791e+00 2.4710e+01 3.3425e+01 1.5785e+02 3.3607e+01 2
6.4624e+01 1.5225e+01 6.7632e+01 4.9399e+01 9.0298e+01 3.1326e+01 2
7.5438e+01 3.1539e+01 8.9600e+01 4.3898e+01 1.0683e+02 5.4966e+01 2
7.1002e+01 3.7516e+01 8.4537e+01 3.3486e+01 1.2516e+02 6.7771e+01 2
8.1057e+01 2.0801e+01 9.1784e+01 6.0255e+01 1.2543e+02 3.8182e+01 2
9.1469e+01 2.4508e+01 8.4620e+01 6.6961e+01 1.1731e+02 5.2623e+01 2
8.1082e+01 2.1256e+01 7.8767e+01 5.9826e+01 9.0072e+01 4.9159e+01 2
6.0420e+01 5.2657e+00 5.9814e+01 5.5154e+01 1.0903e+02 3.0266e+01 2
8.5681e+01 3.8650e+01 8.2681e+01 4.7031e+01 1.2084e+02 6.1959e+01 2
8.2407e+01 2.9276e+01 7.7055e+01 5.3130e+01 1.1704e+02 6.2765e+01 2
4.3718e+01 9.8120e+00 5.2000e+01 3.3906e+01 8.8434e+01 4.0881e+01 2
8.6473e+01 4.0304e+01 6.1141e+01 4.6169e+01 9.7404e+01 5.5752e+01 2
7.4469e+01 3.3283e+01 6.6942e+01 4.1186e+01 1.4647e+02 1.2498e+02 2
7.0250e+01 1.0340e+01 7.6370e+01 5.9910e+01 1.1924e+02 3.2667e+01 2
7.2644e+01 1.8929e+01 6.8000e+01 5.3715e+01 1.1696e+02 2.5384e+01 2
7.1242e+01 5.2683e+00 8.6000e+01 6.5973e+01 1.1070e+02 3.8260e+01 2
6.3772e+01 1.2763e+01 6.5361e+01 5.1009e+01 8.9823e+01 5.5995e+01 2
5.8828e+01 3.7578e+01 1.2574e+02 2.1251e+01 1.3563e+02 1.1731e+02 2
7.4854e+01 1.3909e+01 6.2693e+01 6.0945e+01 1.1521e+02 3.3172e+01 2
7.5298e+01 1.6671e+01 6.1296e+01 5.8627e+01 1.1888e+02 3.1576e+01 2
6.3364e+01 2.0025e+01 6.7499e+01 4.3340e+01 1.3100e+02 3.7557e+01 2
6.7513e+01 3.3276e+01 9.6283e+01 3.4237e+01 1.4560e+02 8.8301e+01 2
7.6314e+01 4.1934e+01 9.3285e+01 3.4380e+01 1.3227e+02 1.0122e+02 2
7.3636e+01 9.7113e+00 6.3000e+01 6.3925e+01 9.8728e+01 2.6976e+01 2
5.6535e+01 1.4377e+01 4.4992e+01 4.2158e+01 1.0172e+02 2.5773e+01 2
8.0112e+01 3.3942e+01 8.5102e+01 4.6169e+01 1.2559e+02 1.0029e+02 2
9.5480e+01 4.6550e+01 5.9000e+01 4.8930e+01 9.6684e+01 7.7283e+01 2
7.4095e+01 1.8824e+01 7.6032e+01 5.5271e+01 1.2841e+02 7.3388e+01 2
8.7679e+01 2.0366e+01 9.3822e+01 6.7313e+01 1.2094e+02 7.6731e+01 2
4.8260e+01 1.6417e+01 3.6329e+01 3.1842e+01 9.4882e+01 2.8344e+01 2
3.8505e+01 1.6964e+01 3.5113e+01 2.1541e+01 1.2763e+02 7.9867e+00 3
5.4921e+01 1.8968e+01 5.1601e+01 3.5952e+01 1.2585e+02 2.0016e+00 3
4.4362e+01 8.9454e+00 4.6902e+01 3.5417e+01 1.2922e+02 4.9942e+00 3
4.8319e+01 1.7452e+01 4.8000e+01 3.0867e+01 1.2898e+02 -9.1094e-01 3
4.5702e+01 1.0660e+01 4.2578e+01 3.5042e+01 1.3018e+02 -3.3889e+00 3
3.0742e+01 1.3355e+01 3.5904e+01 1.7387e+01 1.4241e+02 -2.0054e+00 3
5.0913e+01 6.6770e+00 3.0897e+01 4.4236e+01 1.1815e+02 -1.0580e+00 3
3.8127e+01 6.5576e+00 5.0445e+01 3.1569e+01 1.3211e+02 6.3382e+00 3
5.1625e+01 1.5969e+01 3.5000e+01 3.5655e+01 1.2939e+02 1.0092e+00 3
6.4312e+01 2.6328e+01 5.0959e+01 3.7983e+01 1.0618e+02 3.1182e+00 3
4.4489e+01 2.1786e+01 3.1474e+01 2.2703e+01 1.1378e+02 -2.8413e-01 3
5.4951e+01 5.8654e+00 5.3000e+01 4.9086e+01 1.2697e+02 -6.3160e-01 3
5.6104e+01 1.3106e+01 6.2637e+01 4.2997e+01 1.1623e+02 3.1173e+01 3
6.9399e+01 1.8898e+01 7.5966e+01 5.0500e+01 1.0358e+02 -4.4366e-01 3
8.9835e+01 2.2639e+01 9.0563e+01 6.7195e+01 1.0050e+02 3.0410e+00 3
5.9726e+01 7.7249e+00 5.5343e+01 5.2001e+01 1.2517e+02 3.2352e+00 3
6.3960e+01 1.6061e+01 6.3124e+01 4.7899e+01 1.4236e+02 6.2990e+00 3
6.1541e+01 1.9677e+01 5.2892e+01 4.1864e+01 1.1869e+02 4.8150e+00 3
3.8047e+01 8.3017e+00 2.6237e+01 2.9745e+01 1.2380e+02 3.8858e+00 3
4.3436e+01 1.0096e+01 3.6032e+01 3.3341e+01 1.3744e+02 -3.1145e+00 3
6.5612e+01 2.3138e+01 6.2582e+01 4.2474e+01 1.2413e+02 -4.0833e+00 3
5.3911e+01 1.2939e+01 3.9000e+01 4.0972e+01 1.1819e+02 5.0744e+00 3
4.3118e+01 1.3816e+01 4.0347e+01 2.9302e+01 1.2852e+02 9.7093e-01 3
4.0683e+01 9.1484e+00 3.1022e+01 3.1535e+01 1.3912e+02 -2.5116e+00 3
3.7732e+01 9.3863e+00 4.2000e+01 2.8346e+01 1.3574e+02 1.3683e+01 3
6.3929e+01 1.9971e+01 4.0177e+01 4.3958e+01 1.1307e+02 -1.1058e+01 3
6.1822e+01 1.3597e+01 6.4000e+01 4.8225e+01 1.2178e+02 1.2962e+00 3
6.2141e+01 1.3961e+01 5.8000e+01 4.8180e+01 1.3328e+02 4.9551e+00 3
6.9005e+01 1.3292e+01 5.5570e+01 5.5713e+01 1.2661e+02 1.0832e+01 3
5.6447e+01 1.9444e+01 4.3578e+01 3.7003e+01 1.3919e+02 -1.8597e+00 3
4.1647e+01 8.8355e+00 3.6032e+01 3.2811e+01 1.1656e+02 -6.0545e+00 3
5.1529e+01 1.3518e+01 3.5000e+01 3.8012e+01 1.2672e+02 1.3928e+01 3
3.9087e+01 5.5366e+00 2.6932e+01 3.3551e+01 1.3158e+02 -7.5946e-01 3
3.4650e+01 7.5148e+00 4.3000e+01 2.7135e+01 1.2399e+02 -4.0829e+00 3
6.3026e+01 2.7336e+01 5.1605e+01 3.5690e+01 1.1451e+02 7.4399e+00 3
4.7806e+01 1.0689e+01 5.4000e+01 3.7117e+01 1.2539e+02 -4.0252e-01 3
4.6638e+01 1.5854e+01 4.0000e+01 3.0784e+01 1.1938e+02 9.0646e+00 3
4.9828e+01 1.6736e+01 2.8000e+01 3.3092e+01 1.2144e+02 1.9133e+00 3
4.7320e+01 8.5737e+00 3.5560e+01 3.8746e+01 1.2058e+02 1.6307e+00 3
5.0753e+01 2.0235e+01 3.7000e+01 3.0518e+01 1.2234e+02 2.2885e+00 3
3.6158e+01 -8.1051e-01 3.3627e+01 3.6968e+01 1.3594e+02 -2.0925e+00 3
4.0747e+01 1.8355e+00 5.0000e+01 3.8911e+01 1.3925e+02 6.6856e-01 3
4.2918e+01 -5.8460e+00 5.8000e+01 4.8764e+01 1.2161e+02 -3.3620e+00 3
6.3792e+01 2.1345e+01 6.6000e+01 4.2447e+01 1.1955e+02 1.2383e+01 3
7.2956e+01 1.9577e+01 6.1007e+01 5.3379e+01 1.1123e+02 8.1349e-01 3
6.7538e+01 1.4655e+01 5.8001e+01 5.2883e+01 1.2363e+02 2.5970e+01 3
5.4753e+01 9.7525e+00 4.8000e+01 4.5000e+01 1.2304e+02 8.2353e+00 3
5.0160e+01 -2.9700e+00 4.2000e+01 5.3130e+01 1.3180e+02 -8.2902e+00 3
4.0349e+01 1.0195e+01 3.7968e+01 3.0155e+01 1.2801e+02 4.5890e-01 3
6.3619e+01 1.6935e+01 4.9349e+01 4.6685e+01 1.1709e+02 -3.5781e-01 3
5.4142e+01 1.1935e+01 4.3000e+01 4.2207e+01 1.2221e+02 1.5355e-01 3
7.4976e+01 1.4922e+01 5.3730e+01 6.0054e+01 1.0565e+02 1.5947e+00 3
4.2517e+01 1.4376e+01 2.5324e+01 2.8142e+01 1.2891e+02 7.5702e-01 3
3.3789e+01 3.6751e+00 2.5500e+01 3.0114e+01 1.2833e+02 -1.7761e+00 3
5.4504e+01 6.8199e+00 4.7000e+01 4.7684e+01 1.1179e+02 -4.4068e+00 3
4.8171e+01 9.5942e+00 3.9711e+01 3.8577e+01 1.3562e+02 5.3601e+00 3
4.6374e+01 1.0216e+01 4.2700e+01 3.6158e+01 1.2125e+02 -5.4202e-01 3
5.2862e+01 9.4104e+00 4.6988e+01 4.3452e+01 1.2309e+02 1.8567e+00 3
5.7146e+01 1.6489e+01 4.2842e+01 4.0657e+01 1.1381e+02 5.0152e+00 3
3.7140e+01 1.6481e+01 2.4000e+01 2.0659e+01 1.2501e+02 7.3664e+00 3
5.1312e+01 8.8755e+00 5.7000e+01 4.2436e+01 1.2647e+02 -2.1440e+00 3
4.2516e+01 1.6541e+01 4.2000e+01 2.5974e+01 1.2063e+02 7.8767e+00 3
3.9359e+01 7.0113e+00 3.7000e+01 3.2347e+01 1.1782e+02 1.9040e+00 3
3.5878e+01 1.1124e+00 4.3457e+01 3.4765e+01 1.2692e+02 -1.6322e+00 3
4.3192e+01 9.9767e+00 2.8938e+01 3.3215e+01 1.2347e+02 1.7410e+00 3
6.7290e+01 1.6718e+01 5.1000e+01 5.0572e+01 1.3759e+02 4.9603e+00 3
5.1325e+01 1.3631e+01 3.3259e+01 3.7694e+01 1.3131e+02 1.7889e+00 3
6.5756e+01 1.3207e+01 4.4000e+01 5.2549e+01 1.2939e+02 -1.9821e+00 3
4.0413e+01 -1.3294e+00 3.0983e+01 4.1743e+01 1.1934e+02 -6.1737e+00 3
4.8802e+01 1.8018e+01 5.2000e+01 3.0784e+01 1.3915e+02 1.0443e+01 3
5.0086e+01 1.3430e+01 3.4458e+01 3.6656e+01 1.1913e+02 3.0895e+00 3
6.4262e+01 1.4498e+01 4.3903e+01 4.9764e+01 1.1539e+02 5.9515e+00 3
5.3683e+01 1.3447e+01 4.1584e+01 4.0236e+01 1.1391e+02 2.7370e+00 3
4.8996e+01 1.3114e+01 5.1874e+01 3.5882e+01 1.2640e+02 5.3547e-01 3
5.9168e+01 1.4563e+01 4.3199e+01 4.4605e+01 1.2104e+02 2.8305e+00 3
6.7805e+01 1.6551e+01 4.3257e+01 5.1254e+01 1.1969e+02 4.8675e+00 3
6.1735e+01 1.7114e+01 4.6900e+01 4.4621e+01 1.2092e+02 3.0877e+00 3
3.3042e+01 -3.2468e-01 1.9071e+01 3.3366e+01 1.2039e+02 9.3544e+00 3
7.4565e+01 1.5724e+01 5.8619e+01 5.8841e+01 1.0542e+02 5.9925e-01 3
4.4431e+01 1.4174e+01 3.2243e+01 3.0256e+01 1.3172e+02 -3.6043e+00 3
3.6422e+01 1.3879e+01 2.0243e+01 2.2543e+01 1.2608e+02 1.7972e-01 3
5.1080e+01 1.4210e+01 3.5951e+01 3.6870e+01 1.1580e+02 6.9051e+00 3
3.4757e+01 2.6317e+00 2.9504e+01 3.2125e+01 1.2714e+02 -4.6089e-01 3
4.8903e+01 5.5876e+00 5.5500e+01 4.3315e+01 1.3711e+02 1.9855e+01 3
4.6236e+01 1.0063e+01 3.7000e+01 3.6174e+01 1.2806e+02 -5.1001e+00 3
4.6426e+01 6.6208e+00 4.8100e+01 3.9806e+01 1.3035e+02 2.4494e+00 3
3.9657e+01 1.6209e+01 3.6675e+01 2.3448e+01 1.3192e+02 -4.9690e+00 3
4.5575e+01 1.8759e+01 3.3774e+01 2.6816e+01 1.1680e+02 3.1319e+00 3
6.6507e+01 2.0898e+01 3.1727e+01 4.5610e+01 1.2890e+02 1.5172e+00 3
8.2905e+01 2.9894e+01 5.8251e+01 5.3011e+01 1.1071e+02 6.0793e+00 3
5.0677e+01 6.4615e+00 3.5000e+01 4.4215e+01 1.1659e+02 -2.1471e-01 3
8.9015e+01 2.6076e+01 6.9021e+01 6.2939e+01 1.1148e+02 6.0615e+00 3
5.4600e+01 2.1489e+01 2.9360e+01 3.3111e+01 1.1834e+02 -1.4711e+00 3
3.4382e+01 2.0627e+00 3.2391e+01 3.2320e+01 1.2830e+02 -3.3655e+00 3
4.5075e+01 1.2307e+01 4.4583e+01 3.2768e+01 1.4789e+02 -8.9417e+00 3
4.7904e+01 1.3617e+01 3.6000e+01 3.4287e+01 1.1745e+02 -4.2454e+00 3
5.3937e+01 2.0721e+01 2.9221e+01 3.3215e+01 1.1437e+02 -4.2101e-01 3
6.1447e+01 2.2695e+01 4.6170e+01 3.8752e+01 1.2567e+02 -2.7079e+00 3
4.5253e+01 8.6932e+00 4.1583e+01 3.6560e+01 1.1855e+02 2.1475e-01 3
3.3842e+01 5.0740e+00 3.6641e+01 2.8768e+01 1.2395e+02 -1.9925e-01 3
