3.1000e+01 1.8020e+01 2.7600e+01 1.1750e+02 1.0130e+03 9.4890e-02 1.0360e-01 1.0860e-01 7.0550e-02 1.8650e-01 6.3330e-02 6.2490e-01 1.8900e+00 3.9720e+00 7.1550e+01 4.4330e-03 1.4210e-02 3.2330e-02 9.8540e-03 1.6940e-02 3.4950e-03 2.1630e+01 3.7080e+01 1.3970e+02 1.4360e+03 1.1950e-01 1.9260e-01 3.1400e-01 1.1700e-01 2.6770e-01 8.1130e-02 5.0000e+00 5.0000e+00 1
6.1000e+01 1.7990e+01 1.0380e+01 1.2280e+02 1.0010e+03 1.1840e-01 2.7760e-01 3.0010e-01 1.4710e-01 2.4190e-01 7.8710e-02 1.0950e+00 9.0530e-01 8.5890e+00 1.5340e+02 6.3990e-03 4.9040e-02 5.3730e-02 1.5870e-02 3.0030e-02 6.1930e-03 2.5380e+01 1.7330e+01 1.8460e+02 2.0190e+03 1.6220e-01 6.6560e-01 7.1190e-01 2.6540e-01 4.6010e-01 1.1890e-01 3.0000e+00 2.0000e+00 1
1.1600e+02 2.1370e+01 1.7440e+01 1.3750e+02 1.3730e+03 8.8360e-02 1.1890e-01 1.2550e-01 8.1800e-02 2.3330e-01 6.0100e-02 5.8540e-01 6.1050e-01 3.9280e+00 8.2150e+01 6.1670e-03 3.4490e-02 3.3000e-02 1.8050e-02 3.0940e-02 5.0390e-03 2.4900e+01 2.0980e+01 1.5910e+02 1.9490e+03 1.1880e-01 3.4490e-01 3.4140e-01 2.0320e-01 4.3340e-01 9.0670e-02 2.5000e+00 0.0000e+00 1
1.2300e+02 1.1420e+01 2.0380e+01 7.7580e+01 3.8610e+02 1.4250e-01 2.8390e-01 2.4140e-01 1.0520e-01 2.5970e-01 9.7440e-02 4.9560e-01 1.1560e+00 3.4450e+00 2.7230e+01 9.1100e-03 7.4580e-02 5.6610e-02 1.8670e-02 5.9630e-02 9.2080e-03 1.4910e+01 2.6500e+01 9.8870e+01 5.6770e+02 2.0980e-01 8.6630e-01 6.8690e-01 2.5750e-01 6.6380e-01 1.7300e-01 2.0000e+00 0.0000e+00 1
2.7000e+01 2.0290e+01 1.4340e+01 1.3510e+02 1.2970e+03 1.0030e-01 1.3280e-01 1.9800e-01 1.0430e-01 1.8090e-01 5.8830e-02 7.5720e-01 7.8130e-01 5.4380e+00 9.4440e+01 1.1490e-02 2.4610e-02 5.6880e-02 1.8850e-02 1.7560e-02 5.1150e-03 2.2540e+01 1.6670e+01 1.5220e+02 1.5750e+03 1.3740e-01 2.0500e-01 4.0000e-01 1.6250e-01 2.3640e-01 7.6780e-02 3.5000e+00 0.0000e+00 2
7.7000e+01 1.2750e+01 1.5290e+01 8.4600e+01 5.0270e+02 1.1890e-01 1.5690e-01 1.6640e-01 7.6660e-02 1.9950e-01 7.1640e-02 3.8770e-01 7.4020e-01 2.9990e+00 3.0850e+01 7.7750e-03 2.9870e-02 4.5610e-02 1.3570e-02 1.7740e-02 5.1140e-03 1.5510e+01 2.0370e+01 1.0730e+02 7.3320e+02 1.7060e-01 4.1960e-01 5.9990e-01 1.7090e-01 3.4850e-01 1.1790e-01 2.5000e+00 0.0000e+00 2
6.0000e+01 1.8980e+01 1.9610e+01 1.2440e+02 1.1120e+03 9.0870e-02 1.2370e-01 1.2130e-01 8.9100e-02 1.7270e-01 5.7670e-02 5.2850e-01 8.4340e-01 3.5920e+00 6.1210e+01 3.7030e-03 2.3540e-02 2.2220e-02 1.3320e-02 1.3780e-02 3.9260e-03 2.3390e+01 2.5450e+01 1.5260e+02 1.5930e+03 1.1440e-01 3.3710e-01 2.9900e-01 1.9220e-01 2.7260e-01 9.5810e-02 1.5000e+00 nan 1
7.7000e+01 1.3710e+01 2.0830e+01 9.0200e+01 5.7790e+02 1.1890e-01 1.6450e-01 9.3660e-02 5.9850e-02 2.1960e-01 7.4510e-02 5.8350e-01 1.3770e+00 3.8560e+00 5.0960e+01 8.8050e-03 3.0290e-02 2.4880e-02 1.4480e-02 1.4860e-02 5.4120e-03 1.7060e+01 2.8140e+01 1.1060e+02 8.9700e+02 1.6540e-01 3.6820e-01 2.6780e-01 1.5560e-01 3.1960e-01 1.1510e-01 4.0000e+00 1.0000e+01 2
1.1900e+02 1.3000e+01 2.1820e+01 8.7500e+01 5.1980e+02 1.2730e-01 1.9320e-01 1.8590e-01 9.3530e-02 2.3500e-01 7.3890e-02 3.0630e-01 1.0020e+00 2.4060e+00 2.4320e+01 5.7310e-03 3.5020e-02 3.5530e-02 1.2260e-02 2.1430e-02 3.7490e-03 1.5490e+01 3.0730e+01 1.0620e+02 7.3930e+02 1.7030e-01 5.4010e-01 5.3900e-01 2.0600e-01 4.3780e-01 1.0720e-01 2.0000e+00 1.0000e+00 1
7.6000e+01 1.2460e+01 2.4040e+01 8.3970e+01 4.7590e+02 1.1860e-01 2.3960e-01 2.2730e-01 8.5430e-02 2.0300e-01 8.2430e-02 2.9760e-01 1.5990e+00 2.0390e+00 2.3940e+01 7.1490e-03 7.2170e-02 7.7430e-02 1.4320e-02 1.7890e-02 1.0080e-02 1.5090e+01 4.0680e+01 9.7650e+01 7.1140e+02 1.8530e-01 1.0580e+00 1.1050e+00 2.2100e-01 4.3660e-01 2.0750e-01 6.0000e+00 2.0000e+01 1
1.2300e+02 1.6020e+01 2.3240e+01 1.0270e+02 7.9780e+02 8.2060e-02 6.6690e-02 3.2990e-02 3.3230e-02 1.5280e-01 5.6970e-02 3.7950e-01 1.1870e+00 2.4660e+00 4.0510e+01 4.0290e-03 9.2690e-03 1.1010e-02 7.5910e-03 1.4600e-02 3.0420e-03 1.9190e+01 3.3880e+01 1.2380e+02 1.1500e+03 1.1810e-01 1.5510e-01 1.4590e-01 9.9750e-02 2.9480e-01 8.4520e-02 2.0000e+00 0.0000e+00 1
1.2500e+02 1.5780e+01 1.7890e+01 1.0360e+02 7.8100e+02 9.7100e-02 1.2920e-01 9.9540e-02 6.6060e-02 1.8420e-01 6.0820e-02 5.0580e-01 9.8490e-01 3.5640e+00 5.4160e+01 5.7710e-03 4.0610e-02 2.7910e-02 1.2820e-02 2.0080e-02 4.1440e-03 2.0420e+01 2.7280e+01 1.3650e+02 1.2990e+03 1.3960e-01 5.6090e-01 3.9650e-01 1.8100e-01 3.7920e-01 1.0480e-01 1.4000e+00 0.0000e+00 1
1.1700e+02 1.5850e+01 2.3950e+01 1.0370e+02 7.8270e+02 8.4010e-02 1.0020e-01 9.9380e-02 5.3640e-02 1.8470e-01 5.3380e-02 4.0330e-01 1.0780e+00 2.9030e+00 3.6580e+01 9.7690e-03 3.1260e-02 5.0510e-02 1.9920e-02 2.9810e-02 3.0020e-03 1.6840e+01 2.7660e+01 1.1200e+02 8.7650e+02 1.1310e-01 1.9240e-01 2.3220e-01 1.1190e-01 2.8090e-01 6.2870e-02 1.0000e+00 0.0000e+00 1
3.6000e+01 1.4540e+01 2.7540e+01 9.6730e+01 6.5880e+02 1.1390e-01 1.5950e-01 1.6390e-01 7.3640e-02 2.3030e-01 7.0770e-02 3.7000e-01 1.0330e+00 2.8790e+00 3.2550e+01 5.6070e-03 4.2400e-02 4.7410e-02 1.0900e-02 1.8570e-02 5.4660e-03 1.7460e+01 3.7130e+01 1.2410e+02 9.4320e+02 1.6780e-01 6.5770e-01 7.0260e-01 1.7120e-01 4.2180e-01 1.3410e-01 6.0000e+00 6.0000e+00 2
1.2300e+02 1.4680e+01 2.0130e+01 9.4740e+01 6.8450e+02 9.8670e-02 7.2000e-02 7.3950e-02 5.2590e-02 1.5860e-01 5.9220e-02 4.7270e-01 1.2400e+00 3.1950e+00 4.5400e+01 5.7180e-03 1.1620e-02 1.9980e-02 1.1090e-02 1.4100e-02 2.0850e-03 1.9070e+01 3.0880e+01 1.2340e+02 1.1380e+03 1.4640e-01 1.8710e-01 2.9140e-01 1.6090e-01 3.0290e-01 8.2160e-02 1.1000e+00 0.0000e+00 1
1.0000e+01 1.6130e+01 2.0680e+01 1.0810e+02 7.9880e+02 1.1700e-01 2.0220e-01 1.7220e-01 1.0280e-01 2.1640e-01 7.3560e-02 5.6920e-01 1.0730e+00 3.8540e+00 5.4180e+01 7.0260e-03 2.5010e-02 3.1880e-02 1.2970e-02 1.6890e-02 4.1420e-03 2.0960e+01 3.1480e+01 1.3680e+02 1.3150e+03 1.7890e-01 4.2330e-01 4.7840e-01 2.0730e-01 3.7060e-01 1.1420e-01 3.0000e+00 1.0000e+00 2
2.0000e+01 1.5340e+01 1.4260e+01 1.0250e+02 7.0440e+02 1.0730e-01 2.1350e-01 2.0770e-01 9.7560e-02 2.5210e-01 7.0320e-02 4.3880e-01 7.0960e-01 3.3840e+00 4.4910e+01 6.7890e-03 5.3280e-02 6.4460e-02 2.2520e-02 3.6720e-02 4.3940e-03 1.8070e+01 1.9080e+01 1.2510e+02 9.8090e+02 1.3900e-01 5.9540e-01 6.3050e-01 2.3930e-01 4.6670e-01 9.9460e-02 1.3000e+00 0.0000e+00 1
1.0000e+01 2.1160e+01 2.3040e+01 1.3720e+02 1.4040e+03 9.4280e-02 1.0220e-01 1.0970e-01 8.6320e-02 1.7690e-01 5.2780e-02 6.9170e-01 1.1270e+00 4.3030e+00 9.3990e+01 4.7280e-03 1.2590e-02 1.7150e-02 1.0380e-02 1.0830e-02 1.9870e-03 2.9170e+01 3.5590e+01 1.8800e+02 2.6150e+03 1.4010e-01 2.6000e-01 3.1550e-01 2.0090e-01 2.8220e-01 7.5260e-02 4.0000e+00 1.0000e+00 2
9.6000e+01 1.6650e+01 2.1380e+01 1.1000e+02 9.0460e+02 1.1210e-01 1.4570e-01 1.5250e-01 9.1700e-02 1.9950e-01 6.3300e-02 8.0680e-01 9.0170e-01 5.4550e+00 1.0260e+02 6.0480e-03 1.8820e-02 2.7410e-02 1.1300e-02 1.4680e-02 2.8010e-03 2.6460e+01 3.1560e+01 1.7700e+02 2.2150e+03 1.8050e-01 3.5780e-01 4.6950e-01 2.0950e-01 3.6130e-01 9.5640e-02 3.0000e+00 0.0000e+00 1
1.1600e+02 1.7140e+01 1.6400e+01 1.1600e+02 9.1270e+02 1.1860e-01 2.2760e-01 2.2290e-01 1.4010e-01 3.0400e-01 7.4130e-02 1.0460e+00 9.7600e-01 7.2760e+00 1.1140e+02 8.0290e-03 3.7990e-02 3.7320e-02 2.3970e-02 2.3080e-02 7.4440e-03 2.2250e+01 2.1400e+01 1.5240e+02 1.4610e+03 1.5450e-01 3.9490e-01 3.8530e-01 2.5500e-01 4.0660e-01 1.0590e-01 4.4000e+00 1.0000e+00 1
1.0300e+02 1.4580e+01 2.1530e+01 9.7410e+01 6.4480e+02 1.0540e-01 1.8680e-01 1.4250e-01 8.7830e-02 2.2520e-01 6.9240e-02 2.5450e-01 9.8320e-01 2.1100e+00 2.1050e+01 4.4520e-03 3.0550e-02 2.6810e-02 1.3520e-02 1.4540e-02 3.7110e-03 1.7620e+01 3.3210e+01 1.2240e+02 8.9690e+02 1.5250e-01 6.6430e-01 5.5390e-01 2.7010e-01 4.2640e-01 1.2750e-01 2.5000e+00 0.0000e+00 1
1.6000e+01 1.8610e+01 2.0250e+01 1.2210e+02 1.0940e+03 9.4400e-02 1.0660e-01 1.4900e-01 7.7310e-02 1.6970e-01 5.6990e-02 8.5290e-01 1.8490e+00 5.6320e+00 9.3540e+01 1.0750e-02 2.7220e-02 5.0810e-02 1.9110e-02 2.2930e-02 4.2170e-03 2.1310e+01 2.7260e+01 1.3990e+02 1.4030e+03 1.3380e-01 2.1170e-01 3.4460e-01 1.4900e-01 2.3410e-01 7.4210e-02 3.4000e+00 1.3000e+01 1
5.2000e+01 1.5300e+01 2.5270e+01 1.0240e+02 7.3240e+02 1.0820e-01 1.6970e-01 1.6830e-01 8.7510e-02 1.9260e-01 6.5400e-02 4.3900e-01 1.0120e+00 3.4980e+00 4.3500e+01 5.2330e-03 3.0570e-02 3.5760e-02 1.0830e-02 1.7680e-02 2.9670e-03 2.0270e+01 3.6710e+01 1.4930e+02 1.2690e+03 1.6410e-01 6.1100e-01 6.3350e-01 2.0240e-01 4.0270e-01 9.8760e-02 2.0000e+00 0.0000e+00 1
9.4000e+01 1.7570e+01 1.5050e+01 1.1500e+02 9.5510e+02 9.8470e-02 1.1570e-01 9.8750e-02 7.9530e-02 1.7390e-01 6.1490e-02 6.0030e-01 8.2250e-01 4.6550e+00 6.1100e+01 5.6270e-03 3.0330e-02 3.4070e-02 1.3540e-02 1.9250e-02 3.7420e-03 2.0010e+01 1.9520e+01 1.3490e+02 1.2270e+03 1.2550e-01 2.8120e-01 2.4890e-01 1.4560e-01 2.7560e-01 7.9190e-02 4.0000e+00 0.0000e+00 1
1.1600e+02 1.1840e+01 1.8700e+01 7.7930e+01 4.4060e+02 1.1090e-01 1.5160e-01 1.2180e-01 5.1820e-02 2.3010e-01 7.7990e-02 4.8250e-01 1.0300e+00 3.4750e+00 4.1000e+01 5.5510e-03 3.4140e-02 4.2050e-02 1.0440e-02 2.2730e-02 5.6670e-03 1.6820e+01 2.8120e+01 1.1940e+02 8.8870e+02 1.6370e-01 5.7750e-01 6.9560e-01 1.5460e-01 4.7610e-01 1.4020e-01 3.0000e+00 2.0000e+00 1
8.7000e+01 1.7020e+01 2.3980e+01 1.1280e+02 8.9930e+02 1.1970e-01 1.4960e-01 2.4170e-01 1.2030e-01 2.2480e-01 6.3820e-02 6.0090e-01 1.3980e+00 3.9990e+00 6.7780e+01 8.2680e-03 3.0820e-02 5.0420e-02 1.1120e-02 2.1020e-02 3.8540e-03 2.0880e+01 3.2090e+01 1.3610e+02 1.3440e+03 1.6340e-01 3.5590e-01 5.5880e-01 1.8470e-01 3.5300e-01 8.4820e-02 1.3000e+00 1.0000e+00 1
5.3000e+01 1.9270e+01 2.6470e+01 1.2790e+02 1.1620e+03 9.4010e-02 1.7190e-01 1.6570e-01 7.5930e-02 1.8530e-01 6.2610e-02 5.5580e-01 6.0620e-01 3.5280e+00 6.8170e+01 5.0150e-03 3.3180e-02 3.4970e-02 9.6430e-03 1.5430e-02 3.8960e-03 2.4150e+01 3.0900e+01 1.6140e+02 1.8130e+03 1.5090e-01 6.5900e-01 6.0910e-01 1.7850e-01 3.6720e-01 1.1230e-01 3.5000e+00 0.0000e+00 1
1.0900e+02 1.6130e+01 1.7880e+01 1.0700e+02 8.0720e+02 1.0400e-01 1.5590e-01 1.3540e-01 7.7520e-02 1.9980e-01 6.5150e-02 3.3400e-01 6.8570e-01 2.1830e+00 3.5030e+01 4.1850e-03 2.8680e-02 2.6640e-02 9.0670e-03 1.7030e-02 3.8170e-03 2.0210e+01 2.7260e+01 1.3270e+02 1.2610e+03 1.4460e-01 5.8040e-01 5.2740e-01 1.8640e-01 4.2700e-01 1.2330e-01 2.5000e+00 0.0000e+00 1
1.2000e+01 1.6740e+01 2.1590e+01 1.1010e+02 8.6950e+02 9.6100e-02 1.3360e-01 1.3480e-01 6.0180e-02 1.8960e-01 5.6560e-02 4.6150e-01 9.1970e-01 3.0080e+00 4.5190e+01 5.7760e-03 2.4990e-02 3.6950e-02 1.1950e-02 2.7890e-02 2.6650e-03 2.0010e+01 2.9020e+01 1.3350e+02 1.2290e+03 1.5630e-01 3.8350e-01 5.4090e-01 1.8130e-01 4.8630e-01 8.6330e-02 1.5000e+00 nan 1
3.1000e+01 1.4250e+01 2.1720e+01 9.3630e+01 6.3300e+02 9.8230e-02 1.0980e-01 1.3190e-01 5.5980e-02 1.8850e-01 6.1250e-02 2.8600e-01 1.0190e+00 2.6570e+00 2.4910e+01 5.8780e-03 2.9950e-02 4.8150e-02 1.1610e-02 2.0280e-02 4.0220e-03 1.5890e+01 3.0360e+01 1.1620e+02 7.9960e+02 1.4460e-01 4.2380e-01 5.1860e-01 1.4470e-01 3.5910e-01 1.0140e-01 3.0000e+00 1.3000e+01 1
7.2000e+01 1.4990e+01 2.5200e+01 9.5540e+01 6.9880e+02 9.3870e-02 5.1310e-02 2.3980e-02 2.8990e-02 1.5650e-01 5.5040e-02 1.2140e+00 2.1880e+00 8.0770e+00 1.0600e+02 6.8830e-03 1.0940e-02 1.8180e-02 1.9170e-02 7.8820e-03 1.7540e-03 1.4990e+01 2.5200e+01 9.5540e+01 6.9880e+02 9.3870e-02 5.1310e-02 2.3980e-02 2.8990e-02 1.5650e-01 5.5040e-02 3.5000e+00 1.0000e+01 1
7.6000e+01 1.3480e+01 2.0820e+01 8.8400e+01 5.5920e+02 1.0160e-01 1.2550e-01 1.0630e-01 5.4390e-02 1.7200e-01 6.4190e-02 2.1300e-01 5.9140e-01 1.5450e+00 1.8520e+01 5.3670e-03 2.2390e-02 3.0490e-02 1.2620e-02 1.3770e-02 3.1870e-03 1.5530e+01 2.6020e+01 1.0730e+02 7.4040e+02 1.6100e-01 4.2250e-01 5.0300e-01 2.2580e-01 2.8070e-01 1.0710e-01 2.5000e+00 0.0000e+00 1
3.4000e+01 1.3440e+01 2.1580e+01 8.6180e+01 5.6300e+02 8.1620e-02 6.0310e-02 3.1100e-02 2.0310e-02 1.7840e-01 5.5870e-02 2.3850e-01 8.2650e-01 1.5720e+00 2.0530e+01 3.2800e-03 1.1020e-02 1.3900e-02 6.8810e-03 1.3800e-02 1.2860e-03 1.5930e+01 3.0250e+01 1.0250e+02 7.8790e+02 1.0940e-01 2.0430e-01 2.0850e-01 1.1120e-01 2.9940e-01 7.1460e-02 1.5000e+00 0.0000e+00 1
9.9000e+01 1.0950e+01 2.1350e+01 7.1900e+01 3.7110e+02 1.2270e-01 1.2180e-01 1.0440e-01 5.6690e-02 1.8950e-01 6.8700e-02 2.3660e-01 1.4280e+00 1.8220e+00 1.6970e+01 8.0640e-03 1.7640e-02 2.5950e-02 1.0370e-02 1.3570e-02 3.0400e-03 1.2840e+01 3.5340e+01 8.7220e+01 5.1400e+02 1.9090e-01 2.6980e-01 4.0230e-01 1.4240e-01 2.9640e-01 9.6060e-02 2.7000e+00 0.0000e+00 1
9.0000e+00 1.9070e+01 2.4810e+01 1.2830e+02 1.1040e+03 9.0810e-02 2.1900e-01 2.1070e-01 9.9610e-02 2.3100e-01 6.3430e-02 9.8110e-01 1.6660e+00 8.8300e+00 1.0490e+02 6.5480e-03 1.0060e-01 9.7230e-02 2.6380e-02 5.3330e-02 7.6460e-03 2.4090e+01 3.3170e+01 1.7740e+02 1.6510e+03 1.2470e-01 7.4440e-01 7.2420e-01 2.4930e-01 4.6700e-01 1.0380e-01 2.3000e+00 0.0000e+00 2
1.1400e+02 1.3280e+01 2.0280e+01 8.7320e+01 5.4520e+02 1.0410e-01 1.4360e-01 9.8470e-02 6.1580e-02 1.9740e-01 6.7820e-02 3.7040e-01 8.2490e-01 2.4270e+00 3.1330e+01 5.0720e-03 2.1470e-02 2.1850e-02 9.5600e-03 1.7190e-02 3.3170e-03 1.7380e+01 2.8000e+01 1.1310e+02 9.0720e+02 1.5300e-01 3.7240e-01 3.6640e-01 1.4920e-01 3.7390e-01 1.0270e-01 2.6000e+00 1.0000e+00 1
7.6000e+01 1.3170e+01 2.1810e+01 8.5420e+01 5.3150e+02 9.7140e-02 1.0470e-01 8.2590e-02 5.2520e-02 1.7460e-01 6.1770e-02 1.9380e-01 6.1230e-01 1.3340e+00 1.4490e+01 3.3500e-03 1.3840e-02 1.4520e-02 6.8530e-03 1.1130e-02 1.7200e-03 1.6230e+01 2.9890e+01 1.0550e+02 7.4070e+02 1.5030e-01 3.9040e-01 3.7280e-01 1.6070e-01 3.6930e-01 9.6180e-02 1.7000e+00 1.0000e+00 1
8.0000e+00 1.8650e+01 1.7600e+01 1.2370e+02 1.0760e+03 1.0990e-01 1.6860e-01 1.9740e-01 1.0090e-01 1.9070e-01 6.0490e-02 6.2890e-01 6.6330e-01 4.2930e+00 7.1560e+01 6.2940e-03 3.9940e-02 5.5540e-02 1.6950e-02 2.4280e-02 3.5350e-03 2.2820e+01 2.1320e+01 1.5060e+02 1.5670e+03 1.6790e-01 5.0900e-01 7.3450e-01 2.3780e-01 3.7990e-01 9.1850e-02 1.8000e+00 0.0000e+00 2
1.1100e+02 1.3170e+01 1.8660e+01 8.5980e+01 5.3460e+02 1.1580e-01 1.2310e-01 1.2260e-01 7.3400e-02 2.1280e-01 6.7770e-02 2.8710e-01 8.9370e-01 1.8970e+00 2.4250e+01 6.5320e-03 2.3360e-02 2.9050e-02 1.2150e-02 1.7430e-02 3.6430e-03 1.5670e+01 2.7950e+01 1.0280e+02 7.5940e+02 1.7860e-01 4.1660e-01 5.0060e-01 2.0880e-01 3.9000e-01 1.1790e-01 1.0000e+00 1.0000e+00 1
4.8000e+01 1.5100e+01 2.2020e+01 9.7260e+01 7.1280e+02 9.0560e-02 7.0810e-02 5.2530e-02 3.3340e-02 1.6160e-01 5.6840e-02 3.1050e-01 8.3390e-01 2.0970e+00 2.9910e+01 4.6750e-03 1.0300e-02 1.6030e-02 9.2220e-03 1.0950e-02 1.6290e-03 1.8100e+01 3.1690e+01 1.1770e+02 1.0300e+03 1.3890e-01 2.0570e-01 2.7120e-01 1.5300e-01 2.6750e-01 7.8730e-02 2.5000e+00 0.0000e+00 2
1.1000e+01 1.9210e+01 1.8570e+01 1.2550e+02 1.1520e+03 1.0530e-01 1.2670e-01 1.3230e-01 8.9940e-02 1.9170e-01 5.9610e-02 7.2750e-01 1.1930e+00 4.8370e+00 1.0250e+02 6.4580e-03 2.3060e-02 2.9450e-02 1.5380e-02 1.8520e-02 2.6080e-03 2.6140e+01 2.8140e+01 1.7010e+02 2.1450e+03 1.6240e-01 3.5110e-01 3.8790e-01 2.0910e-01 3.5370e-01 8.2940e-02 3.2000e+00 1.3000e+01 2
6.2000e+01 1.4710e+01 2.1590e+01 9.5550e+01 6.5690e+02 1.1370e-01 1.3650e-01 1.2930e-01 8.1230e-02 2.0270e-01 6.7580e-02 4.2260e-01 1.1500e+00 2.7350e+00 4.0090e+01 3.6590e-03 2.8550e-02 2.5720e-02 1.2720e-02 1.8170e-02 4.1080e-03 1.7870e+01 3.0700e+01 1.1570e+02 9.8550e+02 1.3680e-01 4.2900e-01 3.5870e-01 1.8340e-01 3.6980e-01 1.0940e-01 6.5000e+00 6.0000e+00 1
3.4000e+01 1.4250e+01 2.2150e+01 9.6420e+01 6.4570e+02 1.0490e-01 2.0080e-01 2.1350e-01 8.6530e-02 1.9490e-01 7.2920e-02 7.0360e-01 1.2680e+00 5.3730e+00 6.0780e+01 9.4070e-03 7.0560e-02 6.8990e-02 1.8480e-02 1.7000e-02 6.1130e-03 1.7670e+01 2.9510e+01 1.1910e+02 9.5950e+02 1.6400e-01 6.2470e-01 6.9220e-01 1.7850e-01 2.8440e-01 1.1320e-01 1.5000e+00 0.0000e+00 2
1.9000e+01 1.2680e+01 2.3840e+01 8.2690e+01 4.9900e+02 1.1220e-01 1.2620e-01 1.1280e-01 6.8730e-02 1.9050e-01 6.5900e-02 4.2550e-01 1.1780e+00 2.9270e+00 3.6460e+01 7.7810e-03 2.6480e-02 2.9730e-02 1.2900e-02 1.6350e-02 3.6010e-03 1.7090e+01 3.3470e+01 1.1180e+02 8.8830e+02 1.8510e-01 4.0610e-01 4.0240e-01 1.7160e-01 3.3830e-01 1.0310e-01 1.2000e+00 1.0000e+00 2
1.0600e+02 1.4780e+01 2.3940e+01 9.7400e+01 6.6830e+02 1.1720e-01 1.4790e-01 1.2670e-01 9.0290e-02 1.9530e-01 6.6540e-02 3.5770e-01 1.2810e+00 2.4500e+00 3.5240e+01 6.7030e-03 2.3100e-02 2.3150e-02 1.1840e-02 1.9000e-02 3.2240e-03 1.7310e+01 3.3390e+01 1.1460e+02 9.2510e+02 1.6480e-01 3.4160e-01 3.0240e-01 1.6140e-01 3.3210e-01 8.9110e-02 1.2000e+00 0.0000e+00 1
7.0000e+01 1.7200e+01 2.4520e+01 1.1420e+02 9.2940e+02 1.0710e-01 1.8300e-01 1.6920e-01 7.9440e-02 1.9270e-01 6.4870e-02 5.9070e-01 1.0410e+00 3.7050e+00 6.9470e+01 5.8200e-03 5.6160e-02 4.2520e-02 1.1270e-02 1.5270e-02 6.2990e-03 2.3320e+01 3.3820e+01 1.5160e+02 1.6810e+03 1.5850e-01 7.3940e-01 6.5660e-01 1.8990e-01 3.3130e-01 1.3390e-01 5.0000e+00 4.0000e+00 1
2.6000e+01 1.3800e+01 1.5790e+01 9.0430e+01 5.8410e+02 1.0070e-01 1.2800e-01 7.7890e-02 5.0690e-02 1.6620e-01 6.5660e-02 2.7870e-01 6.2050e-01 1.9570e+00 2.3350e+01 4.7170e-03 2.0650e-02 1.7590e-02 9.2060e-03 1.2200e-02 3.1300e-03 1.6570e+01 2.0860e+01 1.1030e+02 8.1240e+02 1.4110e-01 3.5420e-01 2.7790e-01 1.3830e-01 2.5890e-01 1.0300e-01 3.0000e+00 2.0000e+00 2
9.7000e+01 1.9550e+01 1.5490e+01 1.2800e+02 1.1560e+03 1.0790e-01 1.7470e-01 2.3520e-01 1.1960e-01 2.6160e-01 6.7520e-02 1.2230e+00 4.4890e-01 7.8700e+00 1.6880e+02 1.1010e-02 4.2720e-02 8.6240e-02 2.7370e-02 6.0410e-02 7.5030e-03 2.3730e+01 1.7210e+01 1.5340e+02 1.6330e+03 1.5340e-01 3.3910e-01 5.8190e-01 2.2000e-01 4.7140e-01 9.7210e-02 3.0000e+00 0.0000e+00 1
4.0000e+01 1.9100e+01 2.6290e+01 1.2910e+02 1.1320e+03 1.2150e-01 1.7910e-01 1.9370e-01 1.4690e-01 1.6340e-01 7.2240e-02 5.1900e-01 2.9100e+00 5.8010e+00 6.7100e+01 7.5450e-03 6.0500e-02 2.1340e-02 1.8430e-02 3.0560e-02 1.0390e-02 2.0330e+01 3.2720e+01 1.4130e+02 1.2980e+03 1.3920e-01 2.8170e-01 2.4320e-01 1.8410e-01 2.3110e-01 9.2030e-02 3.0000e+00 1.0000e+00 2
9.1000e+01 1.5060e+01 1.9830e+01 1.0030e+02 7.0560e+02 1.0390e-01 1.5530e-01 1.7000e-01 8.8150e-02 1.8550e-01 6.2840e-02 4.7680e-01 9.6440e-01 3.7060e+00 4.7140e+01 9.2500e-03 3.7150e-02 4.8670e-02 1.8510e-02 1.4980e-02 3.5200e-03 1.8230e+01 2.4230e+01 1.2350e+02 1.0250e+03 1.5510e-01 4.2030e-01 5.2030e-01 2.1150e-01 2.8340e-01 8.2340e-02 1.5000e+00 0.0000e+00 1
1.0000e+01 2.0770e+01 2.2830e+01 1.3740e+02 1.3360e+03 1.0330e-01 1.5150e-01 1.6370e-01 1.0150e-01 1.8000e-01 5.6410e-02 7.5690e-01 1.4580e+00 5.0950e+00 9.2990e+01 6.8520e-03 4.5750e-02 3.6940e-02 1.5980e-02 2.9580e-02 4.0690e-03 2.4220e+01 2.9430e+01 1.5990e+02 1.8160e+03 1.3850e-01 4.1070e-01 3.7570e-01 1.8810e-01 3.3710e-01 7.6510e-02 4.0000e+00 2.0000e+00 2
1.0500e+02 1.4420e+01 1.9770e+01 9.4480e+01 6.4250e+02 9.7520e-02 1.1410e-01 9.3880e-02 5.8390e-02 1.8790e-01 6.3900e-02 2.8950e-01 1.8510e+00 2.3760e+00 2.6850e+01 8.0050e-03 2.8950e-02 3.3210e-02 1.4240e-02 1.4620e-02 4.4520e-03 1.6330e+01 3.0860e+01 1.0950e+02 8.2640e+02 1.4310e-01 3.0260e-01 3.1940e-01 1.5650e-01 2.7180e-01 9.3530e-02 4.0000e-01 1.0000e+00 1
6.8000e+01 1.4190e+01 2.6020e+01 9.6290e+01 6.3240e+02 1.0500e-01 1.8360e-01 2.0130e-01 7.7980e-02 1.8940e-01 6.6250e-02 4.6340e-01 1.4160e+00 5.3570e+00 4.3650e+01 7.4940e-03 6.6960e-02 6.7890e-02 1.7140e-02 1.3270e-02 5.6930e-03 1.7050e+01 3.5370e+01 1.2680e+02 9.0540e+02 1.5210e-01 6.4610e-01 6.4390e-01 1.7900e-01 2.6550e-01 1.0610e-01 1.4000e+00 0.0000e+00 1
1.0100e+02 1.3110e+01 1.5560e+01 8.7210e+01 5.3020e+02 1.3980e-01 1.7650e-01 2.0710e-01 9.6010e-02 1.9250e-01 7.6920e-02 3.9080e-01 9.2380e-01 2.4100e+00 3.4660e+01 7.1620e-03 2.9120e-02 5.4730e-02 1.3880e-02 1.5470e-02 7.0980e-03 1.6310e+01 2.2400e+01 1.0640e+02 8.2720e+02 1.8620e-01 4.0990e-01 6.3760e-01 1.9860e-01 3.1470e-01 1.4050e-01 1.5000e+00 0.0000e+00 1
4.4000e+01 1.4870e+01 1.6670e+01 9.8640e+01 6.8250e+02 1.1620e-01 1.6490e-01 1.6900e-01 8.9230e-02 2.1570e-01 6.7680e-02 4.2660e-01 9.4890e-01 2.9890e+00 4.1180e+01 6.9850e-03 2.5630e-02 3.0110e-02 1.2710e-02 1.6020e-02 3.8840e-03 1.8810e+01 2.7370e+01 1.2710e+02 1.0950e+03 1.8780e-01 4.4800e-01 4.7040e-01 2.0270e-01 3.5850e-01 1.0650e-01 1.5000e+00 4.0000e+00 1
1.0400e+02 1.5780e+01 2.2910e+01 1.0570e+02 7.8260e+02 1.1550e-01 1.7520e-01 2.1330e-01 9.4790e-02 2.0960e-01 7.3310e-02 5.5200e-01 1.0720e+00 3.5980e+00 5.8630e+01 8.6990e-03 3.9760e-02 5.9500e-02 1.3900e-02 1.4950e-02 5.9840e-03 2.0190e+01 3.0500e+01 1.3030e+02 1.2720e+03 1.8550e-01 4.9250e-01 7.3560e-01 2.0340e-01 3.2740e-01 1.2520e-01 3.5000e+00 2.0000e+00 1
3.5000e+01 1.7950e+01 2.0010e+01 1.1420e+02 9.8200e+02 8.4020e-02 6.7220e-02 7.2930e-02 5.5960e-02 2.1290e-01 5.0250e-02 5.5060e-01 1.2140e+00 3.3570e+00 5.4040e+01 4.0240e-03 8.4220e-03 2.2910e-02 9.8630e-03 5.0140e-02 1.9020e-03 2.0580e+01 2.7830e+01 1.2920e+02 1.2610e+03 1.0720e-01 1.2020e-01 2.2490e-01 1.1850e-01 4.8820e-01 6.1110e-02 3.0000e+00 1.0000e+00 2
1.0800e+02 1.8660e+01 1.7120e+01 1.2140e+02 1.0770e+03 1.0540e-01 1.1000e-01 1.4570e-01 8.6650e-02 1.9660e-01 6.2130e-02 7.1280e-01 1.5810e+00 4.8950e+00 9.0470e+01 8.1020e-03 2.1010e-02 3.3420e-02 1.6010e-02 2.0450e-02 4.5700e-03 2.2250e+01 2.4900e+01 1.4540e+02 1.5490e+03 1.5030e-01 2.2910e-01 3.2720e-01 1.6740e-01 2.8940e-01 8.4560e-02 7.0000e+00 1.7000e+01 1
1.4000e+01 2.4250e+01 2.0200e+01 1.6620e+02 1.7610e+03 1.4470e-01 2.8670e-01 4.2680e-01 2.0120e-01 2.6550e-01 6.8770e-02 1.5090e+00 3.1200e+00 9.8070e+00 2.3300e+02 2.3330e-02 9.8060e-02 1.2780e-01 1.8220e-02 4.5470e-02 9.8750e-03 2.6020e+01 2.3990e+01 1.8090e+02 2.0730e+03 1.6960e-01 4.2440e-01 5.8030e-01 2.2480e-01 3.2220e-01 8.0090e-02 3.5000e+00 0.0000e+00 1
7.3000e+01 1.9000e+01 1.8910e+01 1.2340e+02 1.1380e+03 8.2170e-02 8.0280e-02 9.2710e-02 5.6270e-02 1.9460e-01 5.0440e-02 6.8960e-01 1.3420e+00 5.2160e+00 8.1230e+01 4.4280e-03 2.7310e-02 4.0400e-02 1.3610e-02 2.0300e-02 2.6860e-03 2.2320e+01 2.5730e+01 1.4820e+02 1.5380e+03 1.0210e-01 2.2640e-01 3.2070e-01 1.2180e-01 2.8410e-01 6.5410e-02 3.5000e+00 1.5000e+01 2
8.8000e+01 1.9790e+01 2.5120e+01 1.3040e+02 1.1920e+03 1.0150e-01 1.5890e-01 2.5450e-01 1.1490e-01 2.2020e-01 6.1130e-02 4.9530e-01 1.1990e+00 2.7650e+00 6.3330e+01 5.0330e-03 3.1790e-02 4.7550e-02 1.0430e-02 1.5780e-02 3.2240e-03 2.2630e+01 3.3580e+01 1.4870e+02 1.5890e+03 1.2750e-01 3.8610e-01 5.6730e-01 1.7320e-01 3.3050e-01 8.4650e-02 3.0000e+00 1.1000e+01 1
1.0400e+02 1.6160e+01 2.1540e+01 1.0620e+02 8.0980e+02 1.0080e-01 1.2840e-01 1.0430e-01 5.6130e-02 2.1600e-01 5.8910e-02 4.3320e-01 1.2650e+00 2.8440e+00 4.3680e+01 4.8770e-03 1.9520e-02 2.2190e-02 9.2310e-03 1.5350e-02 2.3730e-03 1.9470e+01 3.1680e+01 1.2970e+02 1.1750e+03 1.3950e-01 3.0550e-01 2.9920e-01 1.3120e-01 3.4800e-01 7.6190e-02 1.2000e+00 0.0000e+00 1
7.0000e+00 2.0290e+01 2.1490e+01 1.3280e+02 1.2910e+03 9.2580e-02 1.2050e-01 1.5230e-01 8.6360e-02 2.3560e-01 5.6350e-02 8.3090e-01 1.1400e+00 5.4590e+00 1.1550e+02 4.9340e-03 2.8330e-02 4.2840e-02 1.5870e-02 3.1870e-02 3.2730e-03 2.6510e+01 2.8070e+01 1.7160e+02 2.1960e+03 1.2250e-01 3.4490e-01 4.5090e-01 1.9430e-01 4.4160e-01 7.8630e-02 2.5000e+00 9.0000e+00 2
1.0000e+01 1.2770e+01 2.2470e+01 8.1720e+01 5.0630e+02 9.0550e-02 5.7610e-02 4.7110e-02 2.7040e-02 1.5850e-01 6.0650e-02 2.3670e-01 1.3800e+00 1.4570e+00 1.9870e+01 7.4990e-03 1.2020e-02 2.3320e-02 8.9200e-03 1.6470e-02 2.6290e-03 1.4490e+01 3.3370e+01 9.2040e+01 6.5360e+02 1.4190e-01 1.5230e-01 2.1770e-01 9.3310e-02 2.8290e-01 8.0670e-02 1.0000e+00 0.0000e+00 1
3.6000e+01 1.4950e+01 1.7570e+01 9.6850e+01 6.7810e+02 1.1670e-01 1.3050e-01 1.5390e-01 8.6240e-02 1.9570e-01 6.2160e-02 1.2960e+00 1.4520e+00 8.4190e+00 1.0190e+02 1.0000e-02 3.4800e-02 6.5770e-02 2.8010e-02 5.1680e-02 2.8870e-03 1.8550e+01 2.1430e+01 1.2140e+02 9.7140e+02 1.4110e-01 2.1640e-01 3.3550e-01 1.6670e-01 3.4140e-01 7.1470e-02 1.2000e+00 8.0000e+00 1
1.0000e+02 1.6110e+01 1.8050e+01 1.0510e+02 8.1300e+02 9.7210e-02 1.1370e-01 9.4470e-02 5.9430e-02 1.8610e-01 6.2480e-02 7.0490e-01 1.3320e+00 4.5330e+00 7.4080e+01 6.7700e-03 1.9380e-02 3.0670e-02 1.1670e-02 1.8750e-02 3.4340e-03 1.9920e+01 2.5270e+01 1.2900e+02 1.2330e+03 1.3140e-01 2.2360e-01 2.8020e-01 1.2160e-01 2.7920e-01 8.1580e-02 1.5000e+00 1.0000e+00 1
4.3000e+01 1.1800e+01 1.6580e+01 7.8990e+01 4.3200e+02 1.0910e-01 1.7000e-01 1.6590e-01 7.4150e-02 2.6780e-01 7.3710e-02 3.1970e-01 1.4260e+00 2.2810e+00 2.4720e+01 5.4270e-03 3.6330e-02 4.6490e-02 1.8430e-02 5.6280e-02 4.6350e-03 1.3740e+01 2.6380e+01 9.1930e+01 5.9170e+02 1.3850e-01 4.0920e-01 4.5040e-01 1.8650e-01 5.7740e-01 1.0300e-01 1.9000e+00 0.0000e+00 1
4.4000e+01 1.7680e+01 2.0740e+01 1.1740e+02 9.6370e+02 1.1150e-01 1.6650e-01 1.8550e-01 1.0540e-01 1.9710e-01 6.1660e-02 8.1130e-01 1.4000e+00 5.5400e+00 9.3910e+01 9.0370e-03 4.9540e-02 5.2060e-02 1.8410e-02 1.7780e-02 4.9680e-03 2.0470e+01 2.5110e+01 1.3290e+02 1.3020e+03 1.4180e-01 3.4980e-01 3.5830e-01 1.5150e-01 2.4630e-01 7.7380e-02 9.0000e+00 7.0000e+00 2
8.4000e+01 1.9890e+01 1.6890e+01 1.3020e+02 1.2290e+03 1.0050e-01 1.1340e-01 1.4980e-01 1.1210e-01 1.7300e-01 6.1470e-02 1.0510e+00 9.3490e-01 7.3820e+00 1.2190e+02 8.2310e-03 3.0820e-02 4.1600e-02 2.7850e-02 3.7630e-02 3.7850e-03 2.2250e+01 1.9080e+01 1.4750e+02 1.5080e+03 1.1970e-01 1.8730e-01 2.4870e-01 1.6790e-01 2.6430e-01 7.0480e-02 6.0000e+00 2.0000e+00 1
8.0000e+00 1.9590e+01 1.8150e+01 1.3070e+02 1.2140e+03 1.1200e-01 1.6660e-01 2.5080e-01 1.2860e-01 2.0270e-01 6.0820e-02 7.3640e-01 1.0480e+00 4.7920e+00 9.7070e+01 4.0570e-03 2.2770e-02 4.0290e-02 1.3030e-02 1.6860e-02 3.3180e-03 2.6730e+01 2.6390e+01 1.7490e+02 2.2320e+03 1.4380e-01 3.8460e-01 6.8100e-01 2.2470e-01 3.6430e-01 9.2230e-02 3.5000e+00 0.0000e+00 2
6.2000e+01 2.3270e+01 2.2040e+01 1.5210e+02 1.6860e+03 8.4390e-02 1.1450e-01 1.3240e-01 9.7020e-02 1.8010e-01 5.5530e-02 6.6420e-01 8.5610e-01 4.6030e+00 9.7850e+01 4.9100e-03 2.5440e-02 2.8220e-02 1.6230e-02 1.9560e-02 3.7400e-03 2.8010e+01 2.8220e+01 1.8420e+02 2.4030e+03 1.2280e-01 3.5830e-01 3.9480e-01 2.3460e-01 3.5890e-01 9.1870e-02 1.0000e+00 3.0000e+00 1
5.0000e+00 1.6780e+01 1.8800e+01 1.0930e+02 8.8630e+02 8.8650e-02 9.1820e-02 8.4220e-02 6.5760e-02 1.8930e-01 5.5340e-02 5.9900e-01 1.3910e+00 4.1290e+00 6.7340e+01 6.1230e-03 2.4700e-02 2.6260e-02 1.6040e-02 2.0910e-02 3.4930e-03 2.0050e+01 2.6300e+01 1.3070e+02 1.2600e+03 1.1680e-01 2.1190e-01 2.3180e-01 1.4740e-01 2.8100e-01 7.2280e-02 3.0000e+00 1.0000e+00 1
6.5000e+01 1.8980e+01 2.4120e+01 1.2200e+02 1.0300e+03 1.1980e-01 1.6120e-01 2.1190e-01 1.1550e-01 2.3750e-01 6.5420e-02 8.5410e-01 1.2830e+00 4.9720e+00 7.6810e+01 8.9780e-03 2.4480e-02 4.3850e-02 1.5470e-02 3.4140e-02 4.4930e-03 2.1770e+01 2.7440e+01 1.4090e+02 1.3280e+03 1.4810e-01 2.3970e-01 3.5500e-01 1.6380e-01 3.4000e-01 8.0030e-02 2.0000e+00 2.0000e+00 1
8.4000e+01 1.3430e+01 1.9630e+01 8.5840e+01 5.6540e+02 9.0480e-02 6.2880e-02 5.8580e-02 3.4380e-02 1.5980e-01 5.6710e-02 4.6970e-01 1.1470e+00 3.1420e+00 4.3400e+01 6.0030e-03 1.0630e-02 2.1510e-02 9.4430e-03 1.5200e-02 1.8680e-03 1.7980e+01 2.9870e+01 1.1660e+02 9.9360e+02 1.4010e-01 1.5460e-01 2.6440e-01 1.1600e-01 2.8840e-01 7.3710e-02 2.0000e+00 1.0000e+00 1
9.8000e+01 1.5460e+01 1.1890e+01 1.0250e+02 7.3690e+02 1.2570e-01 1.5550e-01 2.0320e-01 1.0970e-01 1.9660e-01 7.0690e-02 4.2090e-01 6.5830e-01 2.8050e+00 4.4640e+01 5.3930e-03 2.3210e-02 4.3030e-02 1.3200e-02 1.7920e-02 4.1680e-03 1.8790e+01 1.7040e+01 1.2500e+02 1.1020e+03 1.5310e-01 3.5830e-01 5.8300e-01 1.8270e-01 3.2160e-01 1.0100e-01 1.8000e+00 1.0000e+00 1
1.7000e+01 2.7220e+01 2.1870e+01 1.8210e+02 2.2500e+03 1.0940e-01 1.9140e-01 2.8710e-01 1.8780e-01 1.8000e-01 5.7700e-02 8.3610e-01 1.4810e+00 5.8200e+00 1.2870e+02 4.6310e-03 2.5370e-02 3.1090e-02 1.2410e-02 1.5750e-02 2.7470e-03 3.3120e+01 3.2850e+01 2.2080e+02 3.2160e+03 1.4720e-01 4.0340e-01 5.3400e-01 2.6880e-01 2.8560e-01 8.0820e-02 4.0000e+00 4.0000e+00 2
5.3000e+01 2.1090e+01 2.6570e+01 1.4270e+02 1.3110e+03 1.1410e-01 2.8320e-01 2.4870e-01 1.4960e-01 2.3950e-01 7.3980e-02 6.2980e-01 7.6290e-01 4.4140e+00 8.1460e+01 4.2530e-03 4.7590e-02 3.8720e-02 1.5670e-02 1.7980e-02 5.2950e-03 2.6680e+01 3.3480e+01 1.7650e+02 2.0890e+03 1.4910e-01 7.5840e-01 6.7800e-01 2.9030e-01 4.0980e-01 1.2840e-01 4.0000e+00 7.0000e+00 1
6.5000e+01 1.5700e+01 2.0310e+01 1.0120e+02 7.6660e+02 9.5970e-02 8.7990e-02 6.5930e-02 5.1890e-02 1.6180e-01 5.5490e-02 3.6990e-01 1.1500e+00 2.4060e+00 4.0980e+01 4.6260e-03 2.2630e-02 1.9540e-02 9.7670e-03 1.5470e-02 2.4300e-03 2.0110e+01 3.2820e+01 1.2930e+02 1.2690e+03 1.4140e-01 3.5470e-01 2.9020e-01 1.5410e-01 3.4370e-01 8.6310e-02 2.0000e+00 1.0000e+00 1
8.1000e+01 1.5280e+01 2.2410e+01 9.8920e+01 7.1060e+02 9.0570e-02 1.0520e-01 5.3750e-02 3.2630e-02 1.7270e-01 6.3170e-02 2.0540e-01 4.9560e-01 1.3440e+00 1.9530e+01 3.2900e-03 1.3950e-02 1.7740e-02 6.0090e-03 1.1720e-02 2.5750e-03 1.7800e+01 2.8030e+01 1.1380e+02 9.7310e+02 1.3010e-01 3.2990e-01 3.6300e-01 1.2260e-01 3.1750e-01 9.7720e-02 1.6000e+00 0.0000e+00 1
9.1000e+01 1.8310e+01 1.8580e+01 1.1860e+02 1.0410e+03 8.5880e-02 8.4680e-02 8.1690e-02 5.8140e-02 1.6210e-01 5.4250e-02 2.5770e-01 4.7570e-01 1.8170e+00 2.8920e+01 2.8660e-03 9.1810e-03 1.4120e-02 6.7190e-03 1.0690e-02 1.0870e-03 2.1310e+01 2.6360e+01 1.3920e+02 1.4100e+03 1.2340e-01 2.4450e-01 3.5380e-01 1.5710e-01 3.2060e-01 6.9380e-02 6.0000e+00 3.0000e+00 1
8.6000e+01 1.4220e+01 2.3120e+01 9.4370e+01 6.0990e+02 1.0750e-01 2.4130e-01 1.9810e-01 6.6180e-02 2.3840e-01 7.5420e-02 2.8600e-01 2.1100e+00 2.1120e+00 3.1720e+01 7.9700e-03 1.3540e-01 1.1660e-01 1.6660e-02 5.1130e-02 1.1720e-02 1.5740e+01 3.7180e+01 1.0640e+02 7.6240e+02 1.5330e-01 9.3270e-01 8.4880e-01 1.7720e-01 5.1660e-01 1.4460e-01 1.2000e+00 0.0000e+00 1
7.4000e+01 1.2340e+01 2.6860e+01 8.1150e+01 4.7740e+02 1.0340e-01 1.3530e-01 1.0850e-01 4.5620e-02 1.9430e-01 6.9370e-02 4.0530e-01 1.8090e+00 2.6420e+00 3.4440e+01 9.0980e-03 3.8450e-02 3.7630e-02 1.3210e-02 1.8780e-02 5.6720e-03 1.5650e+01 3.9340e+01 1.0170e+02 7.6890e+02 1.7850e-01 4.7060e-01 4.4250e-01 1.4590e-01 3.2150e-01 1.2050e-01 1.2000e+00 4.0000e+00 2
7.5000e+01 1.4860e+01 2.3210e+01 1.0040e+02 6.7140e+02 1.0440e-01 1.9800e-01 1.6970e-01 8.8780e-02 1.7370e-01 6.6720e-02 2.7960e-01 9.6220e-01 3.5910e+00 2.5200e+01 8.0810e-03 5.1220e-02 5.5510e-02 1.8830e-02 2.5450e-02 4.3120e-03 1.6080e+01 2.7780e+01 1.1860e+02 7.8470e+02 1.3160e-01 4.6480e-01 4.5890e-01 1.7270e-01 3.0000e-01 8.7010e-02 8.0000e+00 9.0000e+00 1
9.1000e+01 1.3770e+01 2.2290e+01 9.0630e+01 5.8890e+02 1.2000e-01 1.2670e-01 1.3850e-01 6.5260e-02 1.8340e-01 6.8770e-02 6.1910e-01 2.1120e+00 4.9060e+00 4.9700e+01 1.3800e-02 3.3480e-02 4.6650e-02 2.0600e-02 2.6890e-02 4.3060e-03 1.6390e+01 3.4010e+01 1.1160e+02 8.0690e+02 1.7370e-01 3.1220e-01 3.8090e-01 1.6730e-01 3.0800e-01 9.3330e-02 1.2000e+00 0.0000e+00 1
5.0000e+00 1.9180e+01 2.2490e+01 1.2750e+02 1.1480e+03 8.5230e-02 1.4280e-01 1.1140e-01 6.7720e-02 1.7670e-01 5.5290e-02 4.3570e-01 1.0730e+00 3.8330e+00 5.4220e+01 5.5240e-03 3.6980e-02 2.7060e-02 1.2210e-02 1.4150e-02 3.3970e-03 2.3360e+01 3.2060e+01 1.6640e+02 1.6880e+03 1.3220e-01 5.6010e-01 3.8650e-01 1.7080e-01 3.1930e-01 9.2210e-02 3.0000e+00 1.0000e+00 1
7.2000e+01 1.4450e+01 2.0220e+01 9.4490e+01 6.4270e+02 9.8720e-02 1.2060e-01 1.1800e-01 5.9800e-02 1.9500e-01 6.4660e-02 2.0920e-01 6.5090e-01 1.4460e+00 1.9420e+01 4.0440e-03 1.5970e-02 2.0000e-02 7.3030e-03 1.5220e-02 1.9760e-03 1.8330e+01 3.0120e+01 1.1790e+02 1.0440e+03 1.5520e-01 4.0560e-01 4.9670e-01 1.8380e-01 4.7530e-01 1.0130e-01 1.5000e+00 nan 1
5.0000e+00 2.3290e+01 2.6670e+01 1.5890e+02 1.6850e+03 1.1410e-01 2.0840e-01 3.5230e-01 1.6200e-01 2.2000e-01 6.2290e-02 5.5390e-01 1.5600e+00 4.6670e+00 8.3160e+01 9.3270e-03 5.1210e-02 8.9580e-02 2.4650e-02 2.1750e-02 5.1950e-03 2.5120e+01 3.2680e+01 1.7700e+02 1.9860e+03 1.5360e-01 4.1670e-01 7.8920e-01 2.7330e-01 3.1980e-01 8.7620e-02 9.0000e+00 1.4000e+01 1
3.8000e+01 1.3810e+01 2.3750e+01 9.1560e+01 5.9780e+02 1.3230e-01 1.7680e-01 1.5580e-01 9.1760e-02 2.2510e-01 7.4210e-02 5.6480e-01 1.9300e+00 3.9090e+00 5.2720e+01 8.8240e-03 3.1080e-02 3.1120e-02 1.2910e-02 1.9980e-02 4.5060e-03 1.9200e+01 4.1850e+01 1.2850e+02 1.1530e+03 2.2260e-01 5.2090e-01 4.6460e-01 2.0130e-01 4.4320e-01 1.0860e-01 1.5000e+00 0.0000e+00 1
1.7000e+01 1.5120e+01 1.6680e+01 9.8780e+01 7.1660e+02 8.8760e-02 9.5880e-02 7.5500e-02 4.0790e-02 1.5940e-01 5.9860e-02 2.7110e-01 3.6210e-01 1.9740e+00 2.6440e+01 5.4720e-03 1.9190e-02 2.0390e-02 8.2600e-03 1.5230e-02 2.8810e-03 1.7770e+01 2.0240e+01 1.1770e+02 9.8950e+02 1.4910e-01 3.3310e-01 3.3270e-01 1.2520e-01 3.4150e-01 9.7400e-02 1.5000e+00 0.0000e+00 2
3.5000e+01 1.9370e+01 2.4030e+01 1.2990e+02 1.1740e+03 9.8660e-02 1.6290e-01 1.9610e-01 1.0540e-01 2.1200e-01 6.2460e-02 6.3100e-01 9.4090e-01 4.7940e+00 7.5930e+01 5.1990e-03 2.8040e-02 3.1080e-02 1.3190e-02 1.9000e-02 3.7080e-03 2.3870e+01 2.8430e+01 1.6550e+02 1.7250e+03 1.2690e-01 3.5350e-01 3.6070e-01 1.8320e-01 3.4790e-01 8.7930e-02 3.2000e+00 0.0000e+00 1
7.4000e+01 1.7420e+01 2.5560e+01 1.1450e+02 9.4800e+02 1.0060e-01 1.1460e-01 1.6820e-01 6.5970e-02 1.3080e-01 5.8660e-02 5.2960e-01 1.6670e+00 3.7670e+00 5.8530e+01 3.1130e-02 8.5550e-02 1.4380e-01 3.9270e-02 2.1750e-02 1.2560e-02 1.8070e+01 2.8070e+01 1.2040e+02 1.0210e+03 1.2430e-01 1.7930e-01 2.8030e-01 1.0990e-01 1.6030e-01 6.8180e-02 1.5000e+00 1.0000e+00 1
7.3000e+01 1.4190e+01 2.3810e+01 9.2870e+01 6.1070e+02 9.4630e-02 1.3060e-01 1.1150e-01 6.4620e-02 2.2350e-01 6.4330e-02 4.2070e-01 1.8450e+00 3.5340e+00 3.1000e+01 1.0880e-02 3.7100e-02 3.6880e-02 1.6270e-02 4.4990e-02 4.7680e-03 1.6860e+01 3.4850e+01 1.1500e+02 8.1130e+02 1.5590e-01 4.0590e-01 3.7440e-01 1.7720e-01 4.7240e-01 1.0260e-01 3.0000e+00 0.0000e+00 1
7.3000e+01 1.3860e+01 1.6930e+01 9.0960e+01 5.7890e+02 1.0260e-01 1.5170e-01 9.9010e-02 5.6020e-02 2.1060e-01 6.9160e-02 2.5630e-01 1.1940e+00 1.9330e+00 2.2690e+01 5.9600e-03 3.4380e-02 3.9090e-02 1.4350e-02 1.9390e-02 4.5600e-03 1.5750e+01 2.6930e+01 1.0440e+02 7.5010e+02 1.4600e-01 4.3700e-01 4.6360e-01 1.6540e-01 3.6300e-01 1.0590e-01 4.0000e+00 2.0000e+00 1
4.8000e+01 1.9800e+01 2.1560e+01 1.2970e+02 1.2300e+03 9.3830e-02 1.3060e-01 1.2720e-01 8.6910e-02 2.0940e-01 5.5810e-02 9.5530e-01 1.1860e+00 6.4870e+00 1.2440e+02 6.8040e-03 3.1690e-02 3.4460e-02 1.7120e-02 1.8970e-02 4.0450e-03 2.5730e+01 2.8640e+01 1.7030e+02 2.0090e+03 1.3530e-01 3.2350e-01 3.6170e-01 1.8200e-01 3.0700e-01 8.2550e-02 2.6000e+00 0.0000e+00 1
7.4000e+01 1.9530e+01 3.2470e+01 1.2800e+02 1.2230e+03 8.4200e-02 1.1300e-01 1.1450e-01 6.6370e-02 1.4280e-01 5.3130e-02 7.3920e-01 1.3210e+00 4.7220e+00 1.0990e+02 5.5390e-03 2.6440e-02 2.6640e-02 1.0780e-02 1.3320e-02 2.2560e-03 2.7900e+01 4.5410e+01 1.8020e+02 2.4770e+03 1.4080e-01 4.0970e-01 3.9950e-01 1.6250e-01 2.7130e-01 7.5680e-02 2.8000e+00 0.0000e+00 1
6.8000e+01 1.6340e+01 2.0810e+01 1.0940e+02 8.2980e+02 1.0310e-01 1.5890e-01 1.7690e-01 8.4510e-02 1.9810e-01 6.6130e-02 2.9580e-01 1.2590e+00 2.2780e+00 2.9030e+01 6.5180e-03 2.5000e-02 4.0870e-02 1.3440e-02 1.7970e-02 3.6260e-03 1.8880e+01 3.1950e+01 1.2890e+02 1.0850e+03 1.5430e-01 3.4560e-01 5.9780e-01 1.8430e-01 3.5840e-01 9.9750e-02 1.0000e+00 1.0000e+00 1
7.7000e+01 1.2830e+01 2.2330e+01 8.5260e+01 5.0320e+02 1.0880e-01 1.7990e-01 1.6950e-01 6.8610e-02 2.1230e-01 7.2540e-02 3.0610e-01 1.0690e+00 2.2570e+00 2.5130e+01 6.9830e-03 3.8580e-02 4.6830e-02 1.4990e-02 1.6800e-02 5.6170e-03 1.5200e+01 3.0150e+01 1.0530e+02 7.0600e+02 1.7770e-01 5.3430e-01 6.2820e-01 1.9770e-01 3.4070e-01 1.2430e-01 3.0000e+00 2.7000e+01 1
6.3000e+01 1.7050e+01 1.9080e+01 1.1340e+02 8.9500e+02 1.1410e-01 1.5720e-01 1.9100e-01 1.0900e-01 2.1310e-01 6.3250e-02 2.9590e-01 6.7900e-01 2.1530e+00 3.1980e+01 5.5320e-03 2.0080e-02 3.0550e-02 1.3840e-02 1.1770e-02 2.3360e-03 1.9590e+01 2.4890e+01 1.3350e+02 1.1890e+03 1.7030e-01 3.9340e-01 5.0180e-01 2.5430e-01 3.1090e-01 9.0610e-02 1.5000e+00 5.0000e+00 1
6.7000e+01 2.0510e+01 2.7810e+01 1.3440e+02 1.3190e+03 9.1590e-02 1.0740e-01 1.5540e-01 8.3400e-02 1.4480e-01 5.5920e-02 5.2400e-01 1.1890e+00 3.7670e+00 7.0010e+01 5.0200e-03 2.0620e-02 3.4570e-02 1.0910e-02 1.2980e-02 2.8870e-03 2.4470e+01 3.7380e+01 1.6270e+02 1.8720e+03 1.2230e-01 2.7610e-01 4.1460e-01 1.5630e-01 2.4370e-01 8.3280e-02 9.0000e+00 2.4000e+01 1
8.3000e+01 2.3210e+01 2.6970e+01 1.5350e+02 1.6700e+03 9.5090e-02 1.6820e-01 1.9500e-01 1.2370e-01 1.9090e-01 6.3090e-02 1.0580e+00 9.6350e-01 7.2470e+00 1.5580e+02 6.4280e-03 2.8630e-02 4.4970e-02 1.7160e-02 1.5900e-02 3.0530e-03 3.1010e+01 3.4510e+01 2.0600e+02 2.9440e+03 1.4810e-01 4.1260e-01 5.8200e-01 2.5930e-01 3.1030e-01 8.6770e-02 1.5000e+00 1.0000e+00 1
3.1000e+01 1.7460e+01 3.9280e+01 1.1340e+02 9.2060e+02 9.8120e-02 1.2980e-01 1.4170e-01 8.8110e-02 1.8090e-01 5.9660e-02 5.3660e-01 8.5610e-01 3.0020e+00 4.9000e+01 4.8600e-03 2.7850e-02 2.6020e-02 1.3740e-02 1.2260e-02 2.7590e-03 2.2510e+01 4.4870e+01 1.4120e+02 1.4080e+03 1.3650e-01 3.7350e-01 3.2410e-01 2.0660e-01 2.8530e-01 8.4960e-02 2.0000e+00 0.0000e+00 1
6.2000e+01 1.9400e+01 2.3500e+01 1.2910e+02 1.1550e+03 1.0270e-01 1.5580e-01 2.0490e-01 8.8860e-02 1.9780e-01 6.0000e-02 5.2430e-01 1.8020e+00 4.0370e+00 6.0410e+01 1.0610e-02 3.2520e-02 3.9150e-02 1.5590e-02 2.1860e-02 3.9490e-03 2.1650e+01 3.0530e+01 1.4490e+02 1.4170e+03 1.4630e-01 2.9680e-01 3.4580e-01 1.5640e-01 2.9200e-01 7.6140e-02 1.8000e+00 1.0000e+00 1
7.6000e+01 1.7300e+01 1.7080e+01 1.1300e+02 9.2820e+02 1.0080e-01 1.0410e-01 1.2660e-01 8.3530e-02 1.8130e-01 5.6130e-02 3.0930e-01 8.5680e-01 2.1930e+00 3.3630e+01 4.7570e-03 1.5030e-02 2.3320e-02 1.2620e-02 1.3940e-02 2.3620e-03 1.9850e+01 2.5090e+01 1.3090e+02 1.2220e+03 1.4160e-01 2.4050e-01 3.3780e-01 1.8570e-01 3.1380e-01 8.1130e-02 1.2000e+00 0.0000e+00 1
5.6000e+01 1.9450e+01 1.9330e+01 1.2650e+02 1.1690e+03 1.0350e-01 1.1880e-01 1.3790e-01 8.5910e-02 1.7760e-01 5.6470e-02 5.9590e-01 6.3420e-01 3.7970e+00 7.1000e+01 4.6490e-03 1.8000e-02 2.7490e-02 1.2670e-02 1.3650e-02 2.5500e-03 2.5700e+01 2.4570e+01 1.6310e+02 1.9720e+03 1.4970e-01 3.1610e-01 4.3170e-01 1.9990e-01 3.3790e-01 8.9500e-02 9.0000e+00 7.0000e+00 1
5.8000e+01 1.3960e+01 1.7050e+01 9.1430e+01 6.0240e+02 1.0960e-01 1.2790e-01 9.7890e-02 5.2460e-02 1.9080e-01 6.1300e-02 4.2500e-01 8.0980e-01 2.5630e+00 3.5740e+01 6.3510e-03 2.6790e-02 3.1190e-02 1.3420e-02 2.0620e-02 2.6950e-03 1.6390e+01 2.2070e+01 1.0810e+02 8.2600e+02 1.5120e-01 3.2620e-01 3.2090e-01 1.3740e-01 3.0680e-01 7.9570e-02 1.0000e+00 0.0000e+00 1
1.9000e+01 1.9550e+01 2.8770e+01 1.3360e+02 1.2070e+03 9.2600e-02 2.0630e-01 1.7840e-01 1.1440e-01 1.8930e-01 6.2320e-02 8.4260e-01 1.1990e+00 7.1580e+00 1.0640e+02 6.3560e-03 4.7650e-02 3.8630e-02 1.5190e-02 1.9360e-02 5.2520e-03 2.5050e+01 3.6270e+01 1.7860e+02 1.9260e+03 1.2810e-01 5.3290e-01 4.2510e-01 1.9410e-01 2.8180e-01 1.0050e-01 6.0000e+00 1.5000e+01 2
5.6000e+01 1.5320e+01 1.7270e+01 1.0320e+02 7.1330e+02 1.3350e-01 2.2840e-01 2.4480e-01 1.2420e-01 2.3980e-01 7.5960e-02 6.5920e-01 1.0590e+00 4.0610e+00 5.9460e+01 1.0150e-02 4.5880e-02 4.9830e-02 2.1270e-02 1.8840e-02 8.6600e-03 1.7730e+01 2.2660e+01 1.1980e+02 9.2880e+02 1.7650e-01 4.5030e-01 4.4290e-01 2.2290e-01 3.2580e-01 1.1910e-01 8.0000e-01 0.0000e+00 1
6.4000e+01 1.5660e+01 2.3200e+01 1.1020e+02 7.7350e+02 1.1090e-01 3.1140e-01 3.1760e-01 1.3770e-01 2.4950e-01 8.1040e-02 1.2920e+00 2.4540e+00 1.0120e+01 1.3850e+02 1.2360e-02 5.9950e-02 8.2320e-02 3.0240e-02 2.3370e-02 6.0420e-03 1.9850e+01 3.1640e+01 1.4370e+02 1.2260e+03 1.5040e-01 5.1720e-01 6.1810e-01 2.4620e-01 3.2770e-01 1.0190e-01 6.0000e-01 0.0000e+00 1
2.7000e+01 1.5530e+01 3.3560e+01 1.0370e+02 7.4490e+02 1.0630e-01 1.6390e-01 1.7510e-01 8.3990e-02 2.0910e-01 6.6500e-02 2.4190e-01 1.2780e+00 1.9030e+00 2.3020e+01 5.3450e-03 2.5560e-02 2.8890e-02 1.0220e-02 9.9470e-03 3.3590e-03 1.8490e+01 4.9540e+01 1.2630e+02 1.0350e+03 1.8830e-01 5.5640e-01 5.7030e-01 2.0140e-01 3.5120e-01 1.2040e-01 2.5000e+00 3.0000e+00 1
3.9000e+01 2.0310e+01 2.7060e+01 1.3290e+02 1.2880e+03 1.0000e-01 1.0880e-01 1.5190e-01 9.3330e-02 1.8140e-01 5.5720e-02 3.9770e-01 1.0330e+00 2.5870e+00 5.2340e+01 5.0430e-03 1.5780e-02 2.1170e-02 8.1850e-03 1.2820e-02 1.8920e-03 2.4330e+01 3.9160e+01 1.6230e+02 1.8440e+03 1.5220e-01 2.9450e-01 3.7880e-01 1.6970e-01 3.1510e-01 7.9990e-02 1.8000e+00 1.0000e+00 2
1.2000e+01 1.7290e+01 2.2130e+01 1.1440e+02 9.4780e+02 8.9990e-02 1.2730e-01 9.6970e-02 7.5070e-02 2.1080e-01 5.4640e-02 8.3480e-01 1.6330e+00 6.1460e+00 9.0940e+01 6.7170e-03 5.9810e-02 4.6380e-02 2.1490e-02 2.7470e-02 5.8380e-03 2.0390e+01 2.7240e+01 1.3790e+02 1.2950e+03 1.1340e-01 2.8670e-01 2.2980e-01 1.5280e-01 3.0670e-01 7.4840e-02 4.0000e+00 1.0000e+00 2
6.2000e+01 1.5610e+01 1.9380e+01 1.0000e+02 7.5860e+02 7.8400e-02 5.6160e-02 4.2090e-02 2.8470e-02 1.5470e-01 5.4430e-02 2.2980e-01 9.9880e-01 1.5340e+00 2.2180e+01 2.8260e-03 9.1050e-03 1.3110e-02 5.1740e-03 1.0130e-02 1.3450e-03 1.7910e+01 3.1670e+01 1.1590e+02 9.8860e+02 1.0840e-01 1.8070e-01 2.2600e-01 8.5680e-02 2.6830e-01 6.8290e-02 2.0000e+00 0.0000e+00 1
3.7000e+01 1.7190e+01 2.2070e+01 1.1160e+02 9.2830e+02 9.7260e-02 8.9950e-02 9.0610e-02 6.5270e-02 1.8670e-01 5.5800e-02 4.2030e-01 7.3830e-01 2.8190e+00 4.5420e+01 4.4930e-03 1.2060e-02 2.0480e-02 9.8750e-03 1.1440e-02 1.5750e-03 2.1580e+01 2.9330e+01 1.4050e+02 1.4360e+03 1.5580e-01 2.5670e-01 3.8890e-01 1.9840e-01 3.2160e-01 7.5700e-02 8.5000e+00 6.0000e+00 2
6.3000e+01 2.0730e+01 3.1120e+01 1.3570e+02 1.4190e+03 9.4690e-02 1.1430e-01 1.3670e-01 8.6460e-02 1.7690e-01 5.6740e-02 1.1720e+00 1.6170e+00 7.7490e+00 1.9970e+02 4.5510e-03 1.4780e-02 2.1430e-02 9.2800e-03 1.3670e-02 2.2990e-03 3.2490e+01 4.7160e+01 2.1400e+02 3.4320e+03 1.4010e-01 2.6440e-01 3.4420e-01 1.6590e-01 2.8680e-01 8.2180e-02 3.0000e+00 2.0000e+00 1
5.0000e+00 2.1750e+01 2.0990e+01 1.4730e+02 1.4910e+03 9.4010e-02 1.9610e-01 2.1950e-01 1.0880e-01 1.7210e-01 6.1940e-02 1.1670e+00 1.3520e+00 8.8670e+00 1.5680e+02 5.6870e-03 4.9600e-02 6.3290e-02 1.5610e-02 1.9240e-02 4.6140e-03 2.8190e+01 2.8180e+01 1.9590e+02 2.3840e+03 1.2720e-01 4.7250e-01 5.8070e-01 1.8410e-01 2.8330e-01 8.8580e-02 2.5000e+00 1.1000e+01 2
5.9000e+01 1.7930e+01 2.4480e+01 1.1520e+02 9.9890e+02 8.8550e-02 7.0270e-02 5.6990e-02 4.7440e-02 1.5380e-01 5.5100e-02 4.2120e-01 1.4330e+00 2.7650e+00 4.5810e+01 5.4440e-03 1.1690e-02 1.6220e-02 8.5220e-03 1.4190e-02 2.7510e-03 2.0920e+01 3.4690e+01 1.3510e+02 1.3200e+03 1.3150e-01 1.8060e-01 2.0800e-01 1.1360e-01 2.5040e-01 7.9480e-02 1.5000e+00 0.0000e+00 1
5.5000e+01 1.9160e+01 2.6600e+01 1.2620e+02 1.1380e+03 1.0200e-01 1.4530e-01 1.9210e-01 9.6640e-02 1.9020e-01 6.2200e-02 6.3610e-01 1.0010e+00 4.3210e+00 6.9650e+01 7.3920e-03 2.4490e-02 3.9880e-02 1.2930e-02 1.4350e-02 3.4460e-03 2.3720e+01 3.5900e+01 1.5980e+02 1.7240e+03 1.7820e-01 3.8410e-01 5.7540e-01 1.8720e-01 3.2580e-01 9.7200e-02 1.5000e+00 0.0000e+00 1
1.7000e+01 1.9710e+01 1.9060e+01 1.2950e+02 1.1920e+03 1.0180e-01 1.3520e-01 1.6960e-01 1.0430e-01 1.8950e-01 5.8630e-02 4.3520e-01 1.0490e+00 3.1570e+00 5.2600e+01 4.9960e-03 2.3950e-02 2.8670e-02 1.1170e-02 2.2660e-02 2.6680e-03 2.3330e+01 2.9870e+01 1.5760e+02 1.6590e+03 1.4110e-01 3.9930e-01 4.6450e-01 1.9250e-01 4.0540e-01 8.6210e-02 4.0000e+00 1.5000e+01 1
8.0000e+00 1.6240e+01 1.8770e+01 1.0880e+02 8.0510e+02 1.0660e-01 1.8020e-01 1.9480e-01 9.0520e-02 1.8760e-01 6.6840e-02 2.8730e-01 9.1730e-01 2.4640e+00 2.8090e+01 4.5630e-03 3.4810e-02 3.8720e-02 1.2090e-02 1.3880e-02 4.0810e-03 1.8550e+01 2.5090e+01 1.2690e+02 1.0310e+03 1.3650e-01 4.7060e-01 5.0260e-01 1.7320e-01 2.7700e-01 1.0630e-01 1.0000e+00 0.0000e+00 1
1.0000e+00 1.1760e+01 1.8140e+01 7.5000e+01 4.3110e+02 9.9680e-02 5.9140e-02 2.6850e-02 3.5150e-02 1.6190e-01 6.2870e-02 6.4500e-01 2.1050e+00 4.1380e+00 4.9110e+01 5.5960e-03 1.0050e-02 1.2720e-02 1.4320e-02 1.5750e-02 2.7580e-03 1.3360e+01 2.3390e+01 8.5100e+01 5.5360e+02 1.1370e-01 7.9740e-02 6.1200e-02 7.1600e-02 1.9780e-01 6.9150e-02 1.0000e+01 1.8000e+01 1
5.8000e+01 1.9530e+01 1.8900e+01 1.2950e+02 1.2170e+03 1.1500e-01 1.6420e-01 2.1970e-01 1.0620e-01 1.7920e-01 6.5520e-02 1.1110e+00 1.1610e+00 7.2370e+00 1.3300e+02 6.0560e-03 3.2030e-02 5.6380e-02 1.7330e-02 1.8840e-02 4.7870e-03 2.5930e+01 2.6240e+01 1.7110e+02 2.0530e+03 1.4950e-01 4.1160e-01 6.1210e-01 1.9800e-01 2.9680e-01 9.9290e-02 2.0000e+00 0.0000e+00 2
3.4000e+01 2.0090e+01 2.3860e+01 1.3470e+02 1.2470e+03 1.0800e-01 1.8380e-01 2.2830e-01 1.2800e-01 2.2490e-01 7.4690e-02 1.0720e+00 1.7430e+00 7.8040e+00 1.3080e+02 7.9640e-03 4.7320e-02 7.6490e-02 1.9360e-02 2.7360e-02 5.9280e-03 2.3680e+01 2.9430e+01 1.5880e+02 1.6960e+03 1.3470e-01 3.3910e-01 4.9320e-01 1.9230e-01 3.2940e-01 9.4690e-02 5.0000e+00 1.1000e+01 1
7.0000e+01 1.8220e+01 1.8870e+01 1.1870e+02 1.0270e+03 9.7460e-02 1.1170e-01 1.1300e-01 7.9500e-02 1.8070e-01 5.6640e-02 4.0410e-01 5.5030e-01 2.5470e+00 4.8900e+01 4.8210e-03 1.6590e-02 2.4080e-02 1.1430e-02 1.2750e-02 2.4510e-03 2.1840e+01 2.5000e+01 1.4090e+02 1.4850e+03 1.4340e-01 2.7630e-01 3.8530e-01 1.7760e-01 2.8120e-01 8.1980e-02 2.0000e+00 0.0000e+00 1
6.6000e+01 2.0160e+01 1.9660e+01 1.3110e+02 1.2740e+03 8.0200e-02 8.5640e-02 1.1550e-01 7.7260e-02 1.9280e-01 5.0960e-02 5.9250e-01 6.8630e-01 3.8680e+00 7.4850e+01 4.5360e-03 1.3760e-02 2.6450e-02 1.2470e-02 2.1930e-02 1.5890e-03 2.3060e+01 2.3030e+01 1.5020e+02 1.6570e+03 1.0540e-01 1.5370e-01 2.6060e-01 1.4250e-01 3.0550e-01 5.9330e-02 2.5000e+00 1.0000e+00 1
6.6000e+01 2.0340e+01 2.1510e+01 1.3590e+02 1.2640e+03 1.1700e-01 1.8750e-01 2.5650e-01 1.5040e-01 2.5690e-01 6.6700e-02 5.7020e-01 1.0230e+00 4.0120e+00 6.9060e+01 5.4850e-03 2.4310e-02 3.1900e-02 1.3690e-02 2.7680e-02 3.3450e-03 2.5300e+01 3.1860e+01 1.7110e+02 1.9380e+03 1.5920e-01 4.4920e-01 5.3440e-01 2.6850e-01 5.5580e-01 1.0240e-01 4.0000e-01 2.0000e+00 1
7.8000e+01 1.6270e+01 2.0710e+01 1.0690e+02 8.1370e+02 1.1690e-01 1.3190e-01 1.4780e-01 8.4880e-02 1.9480e-01 6.2770e-02 4.3750e-01 1.2320e+00 3.2700e+00 4.4410e+01 6.6970e-03 2.0830e-02 3.2480e-02 1.3920e-02 1.5360e-02 2.7890e-03 1.9280e+01 3.0380e+01 1.2980e+02 1.1210e+03 1.5900e-01 2.9470e-01 3.5970e-01 1.5830e-01 3.1030e-01 8.2000e-02 2.5000e+00 2.0000e+00 2
3.4000e+01 1.7060e+01 2.1000e+01 1.1180e+02 9.1860e+02 1.1190e-01 1.0560e-01 1.5080e-01 9.9340e-02 1.7270e-01 6.0710e-02 8.1610e-01 2.1290e+00 6.0760e+00 8.7170e+01 6.4550e-03 1.7970e-02 4.5020e-02 1.7440e-02 1.8290e-02 3.7330e-03 2.0990e+01 3.3150e+01 1.4320e+02 1.3620e+03 1.4490e-01 2.0530e-01 3.9200e-01 1.8270e-01 2.6230e-01 7.5990e-02 1.5000e+00 0.0000e+00 1
1.0000e+01 1.8770e+01 2.1430e+01 1.2290e+02 1.0920e+03 9.1160e-02 1.4020e-01 1.0600e-01 6.0900e-02 1.9530e-01 6.0830e-02 6.4220e-01 1.5300e+00 4.3690e+00 8.8250e+01 7.5480e-03 3.8970e-02 3.9140e-02 1.8160e-02 2.1680e-02 4.4450e-03 2.4540e+01 3.4370e+01 1.6110e+02 1.8730e+03 1.4980e-01 4.8270e-01 4.6340e-01 2.0480e-01 3.6790e-01 9.8700e-02 2.0000e+00 0.0000e+00 1
2.4000e+01 2.3510e+01 2.4270e+01 1.5510e+02 1.7470e+03 1.0690e-01 1.2830e-01 2.3080e-01 1.4100e-01 1.7970e-01 5.5060e-02 1.0090e+00 9.2450e-01 6.4620e+00 1.6410e+02 6.2920e-03 1.9710e-02 3.5820e-02 1.3010e-02 1.4790e-02 3.1180e-03 3.0670e+01 3.0730e+01 2.0240e+02 2.9060e+03 1.5150e-01 2.6780e-01 4.8190e-01 2.0890e-01 2.5930e-01 7.7380e-02 3.5000e+00 4.0000e+00 2
3.3000e+01 1.9680e+01 2.1680e+01 1.2990e+02 1.1940e+03 9.7970e-02 1.3390e-01 1.8630e-01 1.1030e-01 2.0820e-01 5.7150e-02 6.2260e-01 2.2840e+00 5.1730e+00 6.7660e+01 4.7560e-03 3.3680e-02 4.3450e-02 1.8060e-02 3.7560e-02 3.2880e-03 2.2750e+01 3.4660e+01 1.5760e+02 1.5400e+03 1.2180e-01 3.4580e-01 4.7340e-01 2.2550e-01 4.0450e-01 7.9180e-02 1.5000e+00 1.3000e+01 2
5.8000e+01 1.5750e+01 1.9220e+01 1.0710e+02 7.5860e+02 1.2430e-01 2.3640e-01 2.9140e-01 1.2420e-01 2.3750e-01 7.6030e-02 5.2040e-01 1.3240e+00 3.4770e+00 5.1220e+01 9.3290e-03 6.5590e-02 9.9530e-02 2.2830e-02 5.5430e-02 7.3300e-03 1.7360e+01 2.4170e+01 1.1940e+02 9.1530e+02 1.5500e-01 5.0460e-01 6.8720e-01 2.1350e-01 4.2450e-01 1.0500e-01 1.8000e+00 0.0000e+00 1
4.0000e+00 2.5730e+01 1.7460e+01 1.7420e+02 2.0100e+03 1.1490e-01 2.3630e-01 3.3680e-01 1.9130e-01 1.9560e-01 6.1210e-02 9.9480e-01 8.5090e-01 7.2220e+00 1.5310e+02 6.3690e-03 4.2430e-02 4.2660e-02 1.5080e-02 2.3350e-02 3.3850e-03 3.3130e+01 2.3580e+01 2.2930e+02 3.2340e+03 1.5300e-01 5.9370e-01 6.4510e-01 2.7560e-01 3.6900e-01 8.8150e-02 4.5000e+00 0.0000e+00 2
5.0000e+00 1.5080e+01 2.5740e+01 9.8000e+01 7.1660e+02 1.0240e-01 9.7690e-02 1.2350e-01 6.5530e-02 1.6470e-01 6.4640e-02 6.5340e-01 1.5060e+00 4.1740e+00 6.3370e+01 1.0520e-02 2.4310e-02 4.9120e-02 1.7460e-02 2.1200e-02 4.8670e-03 1.8510e+01 3.3220e+01 1.2120e+02 1.0500e+03 1.6600e-01 2.3560e-01 4.0290e-01 1.5260e-01 2.6540e-01 9.4380e-02 2.6000e+00 0.0000e+00 2
6.1000e+01 2.0440e+01 2.1780e+01 1.3380e+02 1.2930e+03 9.1500e-02 1.1310e-01 9.7990e-02 7.7850e-02 1.6180e-01 5.5570e-02 5.7810e-01 9.1680e-01 4.2180e+00 7.2440e+01 6.2080e-03 1.9060e-02 2.3750e-02 1.4610e-02 1.4450e-02 1.9060e-03 2.4310e+01 2.6370e+01 1.6120e+02 1.7800e+03 1.3270e-01 2.3760e-01 2.7020e-01 1.7650e-01 2.6090e-01 6.7350e-02 1.0000e+00 0.0000e+00 1
5.1000e+01 2.0200e+01 2.6830e+01 1.3370e+02 1.2340e+03 9.9050e-02 1.6690e-01 1.6410e-01 1.2650e-01 1.8750e-01 6.0200e-02 9.7610e-01 1.8920e+00 7.1280e+00 1.0360e+02 8.4390e-03 4.6740e-02 5.9040e-02 2.5360e-02 3.7100e-02 4.2860e-03 2.4190e+01 3.3810e+01 1.6000e+02 1.6710e+03 1.2780e-01 3.4160e-01 3.7030e-01 2.1520e-01 3.2710e-01 7.6320e-02 2.5000e+00 2.0000e+00 1
2.0000e+00 2.2010e+01 2.1900e+01 1.4720e+02 1.4820e+03 1.0630e-01 1.9540e-01 2.4480e-01 1.5010e-01 1.8240e-01 6.1400e-02 1.0080e+00 6.9990e-01 7.5610e+00 1.3020e+02 3.9780e-03 2.8210e-02 3.5760e-02 1.4710e-02 1.5180e-02 3.7960e-03 2.7660e+01 2.5800e+01 1.9500e+02 2.2270e+03 1.2940e-01 3.8850e-01 4.7560e-01 2.4320e-01 2.7410e-01 8.5740e-02 3.0000e+00 1.0000e+00 2
5.4000e+01 2.0640e+01 1.7350e+01 1.3480e+02 1.3350e+03 9.4460e-02 1.0760e-01 1.5270e-01 8.9410e-02 1.5710e-01 5.4780e-02 6.1370e-01 6.5750e-01 4.1190e+00 7.7020e+01 6.2110e-03 1.8950e-02 2.6810e-02 1.2320e-02 1.2760e-02 1.7110e-03 2.5370e+01 2.3170e+01 1.6680e+02 1.9460e+03 1.5620e-01 3.0550e-01 4.1590e-01 2.1120e-01 2.6890e-01 7.0550e-02 4.0000e+00 0.0000e+00 1
7.0000e+00 1.1080e+01 1.8830e+01 7.3300e+01 3.6160e+02 1.2160e-01 2.1540e-01 1.6890e-01 6.3670e-02 2.1960e-01 7.9500e-02 2.1140e-01 1.0270e+00 1.7190e+00 1.3990e+01 7.4050e-03 4.5490e-02 4.5880e-02 1.3390e-02 1.7380e-02 4.4350e-03 1.3240e+01 3.2820e+01 9.1760e+01 5.0810e+02 2.1840e-01 9.3790e-01 8.4020e-01 2.5240e-01 4.1540e-01 1.4030e-01 2.0000e+00 0.0000e+00 1
5.7000e+01 1.4600e+01 2.3290e+01 9.3970e+01 6.6470e+02 8.6820e-02 6.6360e-02 8.3900e-02 5.2710e-02 1.6270e-01 5.4160e-02 4.1570e-01 1.6270e+00 2.9140e+00 3.3010e+01 8.3120e-03 1.7420e-02 3.3890e-02 1.5760e-02 1.7400e-02 2.8710e-03 1.5790e+01 3.1710e+01 1.0220e+02 7.5820e+02 1.3120e-01 1.5810e-01 2.6750e-01 1.3590e-01 2.4770e-01 6.8360e-02 3.0000e+00 0.0000e+00 1
1.3000e+01 1.9550e+01 2.3210e+01 1.2890e+02 1.1740e+03 1.0100e-01 1.3180e-01 1.8560e-01 1.0210e-01 1.9890e-01 5.8840e-02 6.1070e-01 2.8360e+00 5.3830e+00 7.0100e+01 1.1240e-02 4.0970e-02 7.4690e-02 3.4410e-02 2.7680e-02 6.2400e-03 2.0820e+01 3.0440e+01 1.4200e+02 1.3130e+03 1.2510e-01 2.4140e-01 3.8290e-01 1.8250e-01 2.5760e-01 7.6020e-02 4.0000e+00 1.3000e+01 1
5.8000e+01 2.1610e+01 2.2280e+01 1.4440e+02 1.4070e+03 1.1670e-01 2.0870e-01 2.8100e-01 1.5620e-01 2.1620e-01 6.6060e-02 6.2420e-01 9.2090e-01 4.1580e+00 8.0990e+01 5.2150e-03 3.7260e-02 4.7180e-02 1.2880e-02 2.0450e-02 4.0280e-03 2.6230e+01 2.8740e+01 1.7200e+02 2.0810e+03 1.5020e-01 5.7170e-01 7.0530e-01 2.4220e-01 3.8280e-01 1.0070e-01 3.3000e+00 1.6000e+01 1
5.7000e+01 1.7990e+01 2.0660e+01 1.1780e+02 9.9170e+02 1.0360e-01 1.3040e-01 1.2010e-01 8.8240e-02 1.9920e-01 6.0690e-02 4.5370e-01 8.7330e-01 3.0610e+00 4.9810e+01 7.2310e-03 2.7720e-02 2.5090e-02 1.4800e-02 1.4140e-02 3.3360e-03 2.1080e+01 2.5410e+01 1.3810e+02 1.3490e+03 1.4820e-01 3.7350e-01 3.3010e-01 1.9740e-01 3.0600e-01 8.5030e-02 3.0000e+00 3.0000e+00 1
5.1000e+01 1.5130e+01 2.9810e+01 9.6710e+01 7.1950e+02 8.3200e-02 4.6050e-02 4.6860e-02 2.7390e-02 1.8520e-01 5.2940e-02 4.6810e-01 1.6270e+00 3.0430e+00 4.5380e+01 6.8310e-03 1.4270e-02 2.4890e-02 9.0870e-03 3.1510e-02 1.7500e-03 1.7260e+01 3.6910e+01 1.1010e+02 9.3140e+02 1.1480e-01 9.8660e-02 1.5470e-01 6.5750e-02 3.2330e-01 6.1650e-02 4.0000e+00 1.3000e+01 1
4.9000e+01 1.5500e+01 2.1080e+01 1.0290e+02 8.0310e+02 1.1200e-01 1.5710e-01 1.5220e-01 8.4810e-02 2.0850e-01 6.8640e-02 1.3700e+00 1.2130e+00 9.4240e+00 1.7650e+02 8.1980e-03 3.8890e-02 4.4930e-02 2.1390e-02 2.0180e-02 5.8150e-03 2.3170e+01 2.7650e+01 1.5710e+02 1.7480e+03 1.5170e-01 4.0020e-01 4.2110e-01 2.1340e-01 3.0030e-01 1.0480e-01 4.0000e-01 0.0000e+00 2
5.5000e+01 1.7290e+01 2.1430e+01 1.1270e+02 9.3860e+02 1.0040e-01 1.1240e-01 1.1170e-01 8.3770e-02 1.7490e-01 5.8220e-02 9.0470e-01 1.3050e+00 6.3780e+00 1.0520e+02 5.6090e-03 2.1210e-02 3.3870e-02 1.4940e-02 1.5370e-02 3.0420e-03 2.2510e+01 2.6700e+01 1.4940e+02 1.5580e+03 1.3090e-01 2.3520e-01 3.2700e-01 1.5490e-01 2.6090e-01 7.5450e-02 1.5000e+00 1.0000e+00 1
1.0000e+00 2.0180e+01 1.9540e+01 1.3380e+02 1.2500e+03 1.1330e-01 1.4890e-01 2.1330e-01 1.2590e-01 1.7240e-01 6.0530e-02 4.3310e-01 1.0010e+00 3.0080e+00 5.2490e+01 9.0870e-03 2.7150e-02 5.5460e-02 1.9100e-02 2.4510e-02 4.0050e-03 2.2030e+01 2.5070e+01 1.4600e+02 1.4790e+03 1.6650e-01 2.9420e-01 5.3080e-01 2.1730e-01 3.0320e-01 8.0750e-02 4.5000e+00 2.7000e+01 2
4.7000e+01 1.8820e+01 2.1970e+01 1.2370e+02 1.1100e+03 1.0180e-01 1.3890e-01 1.5940e-01 8.7440e-02 1.9430e-01 6.1320e-02 8.1910e-01 1.9310e+00 4.4930e+00 1.0390e+02 8.0740e-03 4.0880e-02 5.3210e-02 1.8340e-02 2.3830e-02 4.5150e-03 2.2660e+01 3.0930e+01 1.4530e+02 1.6030e+03 1.3900e-01 3.4630e-01 3.9120e-01 1.7080e-01 3.0070e-01 8.3140e-02 1.0000e+00 0.0000e+00 1
9.0000e+00 1.3980e+01 1.9620e+01 9.1120e+01 5.9950e+02 1.0600e-01 1.1330e-01 1.1260e-01 6.4630e-02 1.6690e-01 6.5440e-02 2.2080e-01 9.5330e-01 1.6020e+00 1.8850e+01 5.3140e-03 1.7910e-02 2.1850e-02 9.5670e-03 1.2230e-02 2.8460e-03 1.7040e+01 3.0800e+01 1.1390e+02 8.6930e+02 1.6130e-01 3.5680e-01 4.0690e-01 1.8270e-01 3.1790e-01 1.0550e-01 3.5000e+00 4.0000e+00 2
1.3000e+01 1.7270e+01 2.5420e+01 1.1240e+02 9.2880e+02 8.3310e-02 1.1090e-01 1.2040e-01 5.7360e-02 1.4670e-01 5.4070e-02 5.1000e-01 1.6790e+00 3.2830e+00 5.8380e+01 8.1090e-03 4.3080e-02 4.9420e-02 1.7420e-02 1.5940e-02 3.7390e-03 2.0380e+01 3.5460e+01 1.3280e+02 1.2840e+03 1.4360e-01 4.1220e-01 5.0360e-01 1.7390e-01 2.5000e-01 7.9440e-02 9.0000e+00 0.0000e+00 1
2.3000e+01 1.8030e+01 1.6850e+01 1.1750e+02 9.9000e+02 8.9470e-02 1.2320e-01 1.0900e-01 6.2540e-02 1.7200e-01 5.7800e-02 2.9860e-01 5.9060e-01 1.9210e+00 3.5770e+01 4.1170e-03 1.5600e-02 2.9750e-02 9.7530e-03 1.2950e-02 2.4360e-03 2.0380e+01 2.2020e+01 1.3330e+02 1.2920e+03 1.2630e-01 2.6660e-01 4.2900e-01 1.5350e-01 2.8420e-01 8.2250e-02 2.7000e+00 0.0000e+00 1
1.6000e+01 1.7750e+01 2.8030e+01 1.1730e+02 9.8160e+02 9.9970e-02 1.3140e-01 1.6980e-01 8.2930e-02 1.7130e-01 5.9160e-02 3.8970e-01 1.0770e+00 2.8730e+00 4.3950e+01 4.7140e-03 2.0150e-02 3.6970e-02 1.1100e-02 1.2370e-02 2.5560e-03 2.1530e+01 3.8540e+01 1.4540e+02 1.4370e+03 1.4010e-01 3.7620e-01 6.3990e-01 1.9700e-01 2.9720e-01 9.0750e-02 1.5000e+00 7.0000e+00 2
3.4000e+01 2.1100e+01 2.0520e+01 1.3810e+02 1.3840e+03 9.6840e-02 1.1750e-01 1.5720e-01 1.1550e-01 1.5540e-01 5.6600e-02 6.6430e-01 1.3610e+00 4.5420e+00 8.1890e+01 5.4670e-03 2.0750e-02 3.1850e-02 1.4660e-02 1.0290e-02 2.2050e-03 2.5680e+01 3.2070e+01 1.6820e+02 2.0220e+03 1.3680e-01 3.1010e-01 4.3990e-01 2.2800e-01 2.2680e-01 7.4250e-02 2.8000e+00 0.0000e+00 1
9.0000e+00 1.9590e+01 2.5000e+01 1.2770e+02 1.1910e+03 1.0320e-01 9.8710e-02 1.6550e-01 9.0630e-02 1.6630e-01 5.3910e-02 4.6740e-01 1.3750e+00 2.9160e+00 5.6180e+01 1.1900e-02 1.9290e-02 4.9070e-02 1.4990e-02 1.6410e-02 1.8070e-03 2.1440e+01 3.0960e+01 1.3980e+02 1.4210e+03 1.5280e-01 1.8450e-01 3.9770e-01 1.4660e-01 2.2930e-01 6.0910e-02 2.0000e+00 7.0000e+00 2
3.2000e+01 1.7600e+01 2.3330e+01 1.1900e+02 9.8050e+02 9.2890e-02 2.0040e-01 2.1360e-01 1.0020e-01 1.6960e-01 7.3690e-02 9.2890e-01 1.4650e+00 5.8010e+00 1.0490e+02 6.7660e-03 7.0250e-02 6.5910e-02 2.3110e-02 1.6730e-02 1.1300e-02 2.1570e+01 2.8870e+01 1.4360e+02 1.4370e+03 1.2070e-01 4.7850e-01 5.1650e-01 1.9960e-01 2.3010e-01 1.2240e-01 1.0000e+00 0.0000e+00 1
8.0000e+00 1.6250e+01 1.9510e+01 1.0980e+02 8.1580e+02 1.0260e-01 1.8930e-01 2.2360e-01 9.1940e-02 2.1510e-01 6.5780e-02 3.1470e-01 9.8570e-01 3.0700e+00 3.3120e+01 9.1970e-03 5.4700e-02 8.0790e-02 2.2150e-02 2.7730e-02 6.3550e-03 1.7390e+01 2.3050e+01 1.2210e+02 9.3970e+02 1.3770e-01 4.4620e-01 5.8970e-01 1.7750e-01 3.3180e-01 9.1360e-02 1.0000e+00 0.0000e+00 1
1.4000e+01 1.9440e+01 1.8820e+01 1.2810e+02 1.1670e+03 1.0890e-01 1.4480e-01 2.2560e-01 1.1940e-01 1.8230e-01 6.1150e-02 5.6590e-01 1.4080e+00 3.6310e+00 6.7740e+01 5.2880e-03 2.8330e-02 4.2560e-02 1.1760e-02 1.7170e-02 3.2110e-03 2.3960e+01 3.0390e+01 1.5390e+02 1.7400e+03 1.5140e-01 3.7250e-01 5.9360e-01 2.0600e-01 3.2660e-01 9.0090e-02 7.0000e+00 9.0000e+00 2
3.6000e+01 1.6690e+01 2.0200e+01 1.0710e+02 8.5760e+02 7.4970e-02 7.1120e-02 3.6490e-02 2.3070e-02 1.8460e-01 5.3250e-02 2.4730e-01 5.6790e-01 1.7750e+00 2.2950e+01 2.6670e-03 1.4460e-02 1.4230e-02 5.2970e-03 1.9610e-02 1.7000e-03 1.9180e+01 2.6560e+01 1.2730e+02 1.0840e+03 1.0090e-01 2.9200e-01 2.4770e-01 8.7370e-02 4.6770e-01 7.6230e-02 2.5000e+00 0.0000e+00 1
1.2000e+01 1.8010e+01 2.0560e+01 1.1840e+02 1.0070e+03 1.0010e-01 1.2890e-01 1.1700e-01 7.7620e-02 2.1160e-01 6.0770e-02 7.5480e-01 1.2880e+00 5.3530e+00 8.9740e+01 7.9970e-03 2.7000e-02 3.7370e-02 1.6480e-02 2.8970e-02 3.9960e-03 2.1530e+01 2.6060e+01 1.4340e+02 1.4260e+03 1.3090e-01 2.3270e-01 2.5440e-01 1.4890e-01 3.2510e-01 7.6250e-02 3.5000e+00 2.0000e+00 2
3.8000e+01 1.8490e+01 1.7520e+01 1.2130e+02 1.0680e+03 1.0120e-01 1.3170e-01 1.4910e-01 9.1830e-02 1.8320e-01 6.6970e-02 7.9230e-01 1.0450e+00 4.8510e+00 9.5770e+01 7.9740e-03 3.2140e-02 4.4350e-02 1.5730e-02 1.6170e-02 5.2550e-03 2.2750e+01 2.2880e+01 1.4640e+02 1.6000e+03 1.4120e-01 3.0890e-01 3.5330e-01 1.6630e-01 2.5100e-01 9.4450e-02 3.0000e+00 0.0000e+00 1
1.1000e+01 2.0590e+01 2.1240e+01 1.3780e+02 1.3200e+03 1.0850e-01 1.6440e-01 2.1880e-01 1.1210e-01 1.8480e-01 6.2220e-02 5.9040e-01 1.2160e+00 4.2060e+00 7.5090e+01 6.6660e-03 2.7910e-02 4.0620e-02 1.4790e-02 1.1170e-02 3.7270e-03 2.3860e+01 3.0760e+01 1.6320e+02 1.7600e+03 1.4640e-01 3.5970e-01 5.1790e-01 2.1130e-01 2.4800e-01 8.9990e-02 5.5000e+00 2.0000e+01 2
3.4000e+01 1.3820e+01 2.4490e+01 9.2330e+01 5.9590e+02 1.1620e-01 1.6810e-01 1.3570e-01 6.7590e-02 2.2750e-01 7.2370e-02 4.7510e-01 1.5280e+00 2.9740e+00 3.9050e+01 9.6800e-03 3.8560e-02 3.4760e-02 1.6160e-02 2.4340e-02 6.9950e-03 1.6010e+01 3.2940e+01 1.0600e+02 7.8800e+02 1.7940e-01 3.9660e-01 3.3810e-01 1.5210e-01 3.6510e-01 1.1830e-01 1.0000e+00 0.0000e+00 1
7.0000e+00 2.4240e+01 1.8740e+01 1.5960e+02 1.9450e+03 8.9380e-02 1.1360e-01 1.7270e-01 1.0710e-01 1.5910e-01 5.1750e-02 1.7300e+00 8.5350e-01 1.1560e+01 3.1600e+02 5.1370e-03 1.2790e-02 2.3530e-02 1.5080e-02 1.6150e-02 2.2520e-03 3.5130e+01 2.3360e+01 2.3220e+02 3.9030e+03 1.1540e-01 1.7720e-01 2.9170e-01 1.7950e-01 2.3360e-01 6.2590e-02 3.0000e+00 4.0000e+00 2
4.1000e+01 1.5460e+01 2.3950e+01 1.0380e+02 7.3130e+02 1.1830e-01 1.8700e-01 2.0300e-01 8.5200e-02 1.8070e-01 7.0830e-02 3.3310e-01 1.9610e+00 2.9370e+00 3.2520e+01 9.5380e-03 4.9400e-02 6.0190e-02 2.0410e-02 2.1050e-02 6.0000e-03 1.7110e+01 3.6330e+01 1.1770e+02 9.0940e+02 1.7320e-01 4.9670e-01 5.9110e-01 2.1630e-01 3.0130e-01 1.0670e-01 2.5000e+00 1.0000e+00 1
3.8000e+01 1.5050e+01 1.9070e+01 9.7260e+01 7.0190e+02 9.2150e-02 8.5970e-02 7.4860e-02 4.3350e-02 1.5610e-01 5.9150e-02 3.8600e-01 1.1980e+00 2.6300e+00 3.8490e+01 4.9520e-03 1.6300e-02 2.9670e-02 9.4230e-03 1.1520e-02 1.7180e-03 1.7580e+01 2.8060e+01 1.1380e+02 9.6700e+02 1.2460e-01 2.1010e-01 2.8660e-01 1.1200e-01 2.2820e-01 6.9540e-02 2.5000e+00 8.0000e+00 1
4.0000e+01 1.8310e+01 2.0580e+01 1.2080e+02 1.0520e+03 1.0680e-01 1.2480e-01 1.5690e-01 9.4510e-02 1.8600e-01 5.9410e-02 5.4490e-01 9.2250e-01 3.2180e+00 6.7360e+01 6.1760e-03 1.8770e-02 2.9130e-02 1.0460e-02 1.5590e-02 2.7250e-03 2.1860e+01 2.6200e+01 1.4220e+02 1.4930e+03 1.4920e-01 2.5360e-01 3.7590e-01 1.5100e-01 3.0740e-01 7.8630e-02 1.2000e+00 1.0000e+00 1
4.1000e+01 1.9890e+01 2.0260e+01 1.3050e+02 1.2140e+03 1.0370e-01 1.3100e-01 1.4110e-01 9.4310e-02 1.8020e-01 6.1880e-02 5.0790e-01 8.7370e-01 3.6540e+00 5.9700e+01 5.0890e-03 2.3030e-02 3.0520e-02 1.1780e-02 1.0570e-02 3.3910e-03 2.3730e+01 2.5230e+01 1.6050e+02 1.6460e+03 1.4170e-01 3.3090e-01 4.1850e-01 1.6130e-01 2.5490e-01 9.1360e-02 8.0000e+00 4.0000e+00 1
3.9000e+01 2.4630e+01 2.1600e+01 1.6550e+02 1.8410e+03 1.0300e-01 2.1060e-01 2.3100e-01 1.4710e-01 1.9910e-01 6.7390e-02 9.9150e-01 9.0040e-01 7.0500e+00 1.3990e+02 4.9890e-03 3.2120e-02 3.5710e-02 1.5970e-02 1.8790e-02 4.7600e-03 2.9920e+01 2.6930e+01 2.0570e+02 2.6420e+03 1.3420e-01 4.1880e-01 4.6580e-01 2.4750e-01 3.1570e-01 9.6710e-02 1.0000e+00 1.0000e+00 1
1.0000e+00 1.8450e+01 3.1390e+01 1.2080e+02 1.0510e+03 9.8890e-02 1.1080e-01 1.2750e-01 7.4930e-02 1.8550e-01 5.5930e-02 3.7290e-01 2.1830e+00 2.9220e+00 4.3450e+01 5.9570e-03 2.4740e-02 4.0660e-02 1.4990e-02 1.7030e-02 3.4620e-03 2.0360e+01 4.4460e+01 1.3650e+02 1.2860e+03 1.2890e-01 2.4900e-01 3.6410e-01 1.5550e-01 2.8470e-01 7.6840e-02 2.0000e+00 1.0000e+00 1
3.0000e+01 1.5220e+01 3.0620e+01 1.0340e+02 7.1690e+02 1.0480e-01 2.0870e-01 2.5500e-01 9.4290e-02 2.1280e-01 7.1520e-02 2.6020e-01 1.2050e+00 2.3620e+00 2.2650e+01 4.6250e-03 4.8440e-02 7.3590e-02 1.6080e-02 2.1370e-02 6.1420e-03 1.7520e+01 4.2790e+01 1.2870e+02 9.1500e+02 1.4170e-01 7.9170e-01 1.1700e+00 2.3560e-01 4.0890e-01 1.4090e-01 2.5000e+00 0.0000e+00 1
1.7000e+01 2.0920e+01 2.5090e+01 1.4300e+02 1.3470e+03 1.0990e-01 2.2360e-01 3.1740e-01 1.4740e-01 2.1490e-01 6.8790e-02 9.6220e-01 1.0260e+00 8.7580e+00 1.1880e+02 6.3990e-03 4.3100e-02 7.8450e-02 2.6240e-02 2.0570e-02 6.2130e-03 2.4290e+01 2.9410e+01 1.7910e+02 1.8190e+03 1.4070e-01 4.1860e-01 6.5990e-01 2.5420e-01 2.9290e-01 9.8730e-02 1.5000e+00 0.0000e+00 1
2.8000e+01 2.1560e+01 2.2390e+01 1.4200e+02 1.4790e+03 1.1100e-01 1.1590e-01 2.4390e-01 1.3890e-01 1.7260e-01 5.6230e-02 1.1760e+00 1.2560e+00 7.6730e+00 1.5870e+02 1.0300e-02 2.8910e-02 5.1980e-02 2.4540e-02 1.1140e-02 4.2390e-03 2.5450e+01 2.6400e+01 1.6610e+02 2.0270e+03 1.4100e-01 2.1130e-01 4.1070e-01 2.2160e-01 2.0600e-01 7.1150e-02 1.2000e+00 0.0000e+00 1
2.0000e+01 2.0130e+01 2.8250e+01 1.3120e+02 1.2610e+03 9.7800e-02 1.0340e-01 1.4400e-01 9.7910e-02 1.7520e-01 5.5330e-02 7.6550e-01 2.4630e+00 5.2030e+00 9.9040e+01 5.7690e-03 2.4230e-02 3.9500e-02 1.6780e-02 1.8980e-02 2.4980e-03 2.3690e+01 3.8250e+01 1.5500e+02 1.7310e+03 1.1660e-01 1.9220e-01 3.2150e-01 1.6280e-01 2.5720e-01 6.6370e-02 1.0000e+00 0.0000e+00 1
1.6000e+01 1.6600e+01 2.8080e+01 1.0830e+02 8.5810e+02 8.4550e-02 1.0230e-01 9.2510e-02 5.3020e-02 1.5900e-01 5.6480e-02 4.5640e-01 1.0750e+00 3.4250e+00 4.8550e+01 5.9030e-03 3.7310e-02 4.7300e-02 1.5570e-02 1.3180e-02 3.8920e-03 1.8980e+01 3.4120e+01 1.2670e+02 1.1240e+03 1.1390e-01 3.0940e-01 3.4030e-01 1.4180e-01 2.2180e-01 7.8200e-02 3.5000e+00 1.0000e+00 1
2.6000e+01 1.3860e+01 2.3830e+01 8.9600e+01 5.9580e+02 1.0670e-01 8.3180e-02 7.6710e-02 5.6270e-02 1.4330e-01 5.4840e-02 6.1420e-01 2.2500e+00 4.3340e+00 5.1140e+01 1.4200e-02 1.8440e-02 3.2540e-02 1.9990e-02 2.7190e-02 1.9250e-03 1.5510e+01 3.0000e+01 1.0120e+02 7.3060e+02 1.4670e-01 1.2790e-01 1.6770e-01 1.1140e-01 2.1800e-01 6.0570e-02 1.5000e+00 1.0000e+00 1
2.7000e+01 1.8110e+01 2.6170e+01 1.1870e+02 9.7020e+02 9.8670e-02 1.7160e-01 2.1770e-01 9.7180e-02 2.0630e-01 6.1940e-02 5.8540e-01 1.3860e+00 4.0660e+00 4.8230e+01 7.8000e-03 4.7680e-02 1.0150e-01 2.3490e-02 2.7590e-02 4.1160e-03 2.1880e+01 3.5400e+01 1.4510e+02 1.2510e+03 1.4640e-01 5.1270e-01 8.7740e-01 2.6030e-01 3.9410e-01 9.3180e-02 2.4000e+00 2.0000e+00 1
2.9000e+01 2.1930e+01 3.0640e+01 1.4670e+02 1.4870e+03 8.6790e-02 1.7230e-01 2.0530e-01 1.0100e-01 1.7960e-01 5.7150e-02 8.8420e-01 1.1520e+00 6.9200e+00 1.1580e+02 7.6610e-03 5.9120e-02 5.9620e-02 2.5390e-02 2.8990e-02 4.6360e-03 2.5240e+01 3.4070e+01 1.7150e+02 1.9510e+03 1.1680e-01 4.0720e-01 4.4940e-01 1.8860e-01 2.7840e-01 7.3530e-02 3.5000e+00 0.0000e+00 1
1.4000e+01 1.7530e+01 2.5280e+01 1.1400e+02 9.6660e+02 9.2780e-02 9.1750e-02 1.1050e-01 6.7410e-02 1.4240e-01 5.5630e-02 4.5870e-01 1.3180e+00 3.0320e+00 5.2270e+01 4.5400e-03 1.3120e-02 1.7200e-02 7.2990e-03 9.7830e-03 1.5260e-03 2.1750e+01 4.0140e+01 1.4260e+02 1.4830e+03 1.2870e-01 2.4720e-01 2.7530e-01 1.3720e-01 2.4040e-01 7.1560e-02 1.0000e+01 9.0000e+00 2
1.0000e+00 1.8110e+01 3.0990e+01 1.1580e+02 9.8440e+02 8.6250e-02 9.2400e-02 6.2140e-02 5.5980e-02 1.6030e-01 5.4680e-02 4.2360e-01 1.1760e+00 2.1890e+00 3.6010e+01 4.7330e-03 1.6210e-02 2.0440e-02 1.1420e-02 1.4110e-02 2.0980e-03 2.1050e+01 3.8930e+01 1.2800e+02 1.2140e+03 1.1940e-01 2.0880e-01 2.3850e-01 1.3330e-01 2.6520e-01 7.0060e-02 2.7000e+00 4.0000e+00 2
2.4000e+01 2.4290e+01 2.5480e+01 1.6180e+02 1.7150e+03 9.3740e-02 2.2840e-01 2.7020e-01 1.3690e-01 2.3070e-01 6.3080e-02 5.5000e-01 7.0520e-01 3.8530e+00 7.6080e+01 4.0300e-03 2.5130e-02 4.5980e-02 1.1840e-02 2.3460e-02 2.4030e-03 2.7530e+01 3.0440e+01 1.8480e+02 2.2130e+03 1.2470e-01 3.9350e-01 6.1180e-01 2.0630e-01 3.9830e-01 7.9780e-02 1.2000e+00 0.0000e+00 1
1.3000e+01 1.5600e+01 2.6790e+01 9.9850e+01 7.6000e+02 7.8850e-02 5.2400e-02 3.7780e-02 2.8760e-02 1.5800e-01 5.3950e-02 3.2920e-01 9.2470e-01 2.2520e+00 3.3370e+01 4.5080e-03 7.3470e-03 1.0940e-02 7.7230e-03 1.6730e-02 1.3100e-03 1.8160e+01 3.3640e+01 1.1720e+02 1.0270e+03 1.0970e-01 9.7450e-02 1.2630e-01 8.2220e-02 2.8050e-01 6.3780e-02 2.0000e+00 2.0000e+00 1
1.3000e+01 1.5780e+01 1.7100e+01 1.0220e+02 7.6900e+02 9.6680e-02 9.0300e-02 7.2680e-02 4.4750e-02 1.8900e-01 5.6900e-02 2.0590e-01 6.0520e-01 1.1530e+00 2.0040e+01 4.7500e-03 1.5270e-02 1.8930e-02 8.3010e-03 1.4770e-02 2.0270e-03 1.7370e+01 2.2520e+01 1.1170e+02 9.2140e+02 1.3860e-01 2.6400e-01 2.9010e-01 1.2340e-01 3.2610e-01 7.7520e-02 8.0000e-01 0.0000e+00 1
1.2000e+01 1.9280e+01 2.0880e+01 1.2490e+02 1.1270e+03 9.0330e-02 1.1970e-01 6.4350e-02 8.8700e-02 1.9710e-01 5.4170e-02 1.3470e+00 1.8740e+00 9.1420e+00 1.6790e+02 2.8890e-03 9.5860e-03 2.8360e-02 3.6600e-02 2.3850e-02 3.8560e-03 2.0030e+01 2.2430e+01 1.3000e+02 1.2140e+03 9.2730e-02 1.2590e-01 8.2010e-02 1.1160e-01 2.1470e-01 5.6440e-02 2.5000e+00 0.0000e+00 1
1.5000e+01 1.5660e+01 2.4510e+01 1.0200e+02 7.7110e+02 8.8860e-02 8.7310e-02 9.4830e-02 4.2860e-02 1.9950e-01 5.6260e-02 5.0160e-01 1.8240e+00 4.0130e+00 5.2600e+01 5.1640e-03 2.3100e-02 3.8710e-02 1.2900e-02 1.9230e-02 1.8970e-03 1.8470e+01 3.5090e+01 1.2400e+02 1.0660e+03 1.1820e-01 2.4860e-01 3.5080e-01 1.2730e-01 2.9640e-01 6.5910e-02 2.0000e+00 4.0000e+00 1
1.1000e+01 2.2440e+01 2.7420e+01 1.5060e+02 1.5040e+03 1.2110e-01 2.0820e-01 3.5790e-01 1.8420e-01 2.5240e-01 5.8480e-02 1.0830e+00 3.5030e+00 7.1640e+00 1.2390e+02 8.7710e-03 3.2410e-02 7.4530e-02 2.3720e-02 3.1720e-02 3.2870e-03 2.3990e+01 3.2510e+01 1.6120e+02 1.6890e+03 1.3300e-01 2.5800e-01 4.7410e-01 2.1350e-01 2.8090e-01 6.3180e-02 1.0000e+00 0.0000e+00 1
1.7000e+01 1.7980e+01 2.3960e+01 1.2000e+02 9.9500e+02 1.1570e-01 1.7390e-01 1.9540e-01 1.2190e-01 1.9810e-01 6.3060e-02 7.9370e-01 2.5950e+00 5.6390e+00 9.0080e+01 7.2860e-03 3.1640e-02 4.0030e-02 2.0500e-02 2.6090e-02 5.3660e-03 2.0050e+01 3.2230e+01 1.3520e+02 1.2250e+03 1.3400e-01 2.6060e-01 3.1240e-01 1.7530e-01 2.7460e-01 7.8300e-02 2.5000e+00 0.0000e+00 1
1.7000e+01 1.3630e+01 2.4700e+01 8.9650e+01 5.6920e+02 1.0550e-01 1.3120e-01 1.1610e-01 6.4030e-02 1.7910e-01 7.0580e-02 3.2230e-01 1.1480e+00 2.7970e+00 2.5790e+01 7.2540e-03 3.0850e-02 3.2250e-02 1.5850e-02 1.7830e-02 4.3590e-03 1.5330e+01 3.1960e+01 1.0770e+02 7.1220e+02 1.5540e-01 3.5150e-01 3.4090e-01 1.6890e-01 2.7390e-01 9.9450e-02 2.0000e+00 0.0000e+00 1
9.0000e+00 2.3010e+01 3.3870e+01 1.5680e+02 1.7050e+03 1.1570e-01 1.9480e-01 2.9790e-01 1.5220e-01 1.7990e-01 6.3400e-02 1.8190e+00 2.7080e+00 1.3280e+01 2.5380e+02 8.4610e-03 3.3970e-02 5.9860e-02 2.2320e-02 3.2150e-02 3.8980e-03 2.8390e+01 4.1660e+01 1.9780e+02 2.4810e+03 1.4320e-01 2.8950e-01 4.9370e-01 2.1100e-01 2.7740e-01 7.5420e-02 4.0000e+00 0.0000e+00 1
1.0000e+01 2.2410e+01 2.9950e+01 1.4550e+02 1.5280e+03 1.1190e-01 1.6990e-01 3.0760e-01 1.5940e-01 2.0990e-01 6.8030e-02 1.4630e+00 1.7170e+00 9.9390e+00 2.3370e+02 3.6760e-03 4.1850e-02 6.6880e-02 1.7720e-02 1.5380e-02 5.6630e-03 2.9270e+01 3.8400e+01 1.9450e+02 2.6900e+03 1.2510e-01 3.8320e-01 5.8420e-01 2.4220e-01 2.7290e-01 9.3910e-02 1.0000e+00 1.0000e+00 1
1.5000e+01 1.2530e+01 3.0980e+01 8.0410e+01 4.9090e+02 9.2520e-02 6.2710e-02 6.1510e-02 3.9380e-02 1.9930e-01 6.5540e-02 3.7080e-01 1.4700e+00 2.5460e+00 3.0450e+01 9.0030e-03 1.0590e-02 2.3720e-02 1.2860e-02 1.8370e-02 3.8580e-03 1.4950e+01 4.1050e+01 9.6750e+01 6.9460e+02 1.5600e-01 1.3580e-01 2.4360e-01 1.2590e-01 3.2920e-01 9.4060e-02 3.0000e+00 7.0000e+00 1
6.0000e+00 1.9800e+01 2.0460e+01 1.3020e+02 1.2350e+03 9.6520e-02 1.0770e-01 1.5990e-01 8.7050e-02 1.6200e-01 5.7310e-02 8.2150e-01 1.2600e+00 6.4360e+00 1.1670e+02 9.3310e-03 2.8270e-02 6.0390e-02 2.2260e-02 1.7280e-02 2.8060e-03 2.2610e+01 2.5780e+01 1.5510e+02 1.6230e+03 1.3730e-01 2.3680e-01 3.9310e-01 1.8400e-01 2.3820e-01 6.8310e-02 2.1000e+00 2.0000e+00 1
8.0000e+00 1.9960e+01 2.7410e+01 1.3080e+02 1.2380e+03 9.0750e-02 1.1670e-01 1.3550e-01 8.3970e-02 1.6000e-01 5.4610e-02 5.2990e-01 1.5620e+00 3.3900e+00 6.6130e+01 5.7340e-03 2.0890e-02 4.2790e-02 1.3920e-02 1.0510e-02 3.7000e-03 2.2750e+01 3.6880e+01 1.5030e+02 1.6030e+03 1.2930e-01 2.5130e-01 4.1060e-01 1.6380e-01 2.2450e-01 7.8420e-02 4.0000e+00 0.0000e+00 1
3.0000e+00 1.9220e+01 2.7180e+01 1.2880e+02 1.1340e+03 1.0900e-01 1.7770e-01 2.1380e-01 1.1160e-01 1.9240e-01 6.3890e-02 4.9700e-01 2.4030e+00 4.4930e+00 6.1180e+01 6.1330e-03 4.1090e-02 5.9170e-02 1.7560e-02 2.1800e-02 4.3050e-03 2.2570e+01 4.4600e+01 1.6100e+02 1.5650e+03 1.5010e-01 5.1300e-01 6.8410e-01 2.0990e-01 3.4840e-01 9.7740e-02 8.0000e-01 1.0000e+00 1
3.0000e+00 1.4720e+01 2.5260e+01 9.9280e+01 6.5750e+02 1.1740e-01 2.1120e-01 1.7290e-01 9.4650e-02 2.0790e-01 7.4960e-02 3.4050e-01 1.1580e+00 2.1880e+00 2.6120e+01 4.9570e-03 4.5530e-02 5.1660e-02 1.5970e-02 2.5390e-02 5.5480e-03 1.6670e+01 3.1970e+01 1.1160e+02 8.1480e+02 1.4640e-01 5.3520e-01 5.6550e-01 1.9740e-01 3.7780e-01 1.1320e-01 1.7000e+00 2.1000e+01 1
1.0000e+01 2.2520e+01 2.1920e+01 1.4690e+02 1.5970e+03 7.5920e-02 9.1620e-02 6.8620e-02 6.3670e-02 1.7280e-01 5.2620e-02 1.3740e+00 2.3120e+00 9.9380e+00 1.9240e+02 4.4220e-03 2.6790e-02 2.4330e-02 2.0360e-02 2.4860e-02 3.9220e-03 2.4670e+01 2.4810e+01 1.6210e+02 1.9020e+03 8.1910e-02 1.3190e-01 1.0560e-01 9.3780e-02 2.0610e-01 5.7880e-02 6.0000e+00 2.0000e+00 1
8.0000e+00 1.5440e+01 3.1180e+01 1.0100e+02 7.4040e+02 9.3990e-02 1.0620e-01 1.3750e-01 6.5000e-02 1.7350e-01 6.1050e-02 3.2350e-01 1.8390e+00 1.9710e+00 3.2610e+01 6.1780e-03 2.0880e-02 2.8340e-02 1.0790e-02 2.1220e-02 3.1680e-03 1.7340e+01 4.1480e+01 1.1260e+02 9.2900e+02 1.2720e-01 2.3620e-01 2.9750e-01 1.2860e-01 2.9140e-01 8.0240e-02 1.5000e+00 0.0000e+00 1
1.2000e+01 1.7170e+01 2.9190e+01 1.1000e+02 9.1530e+02 8.9520e-02 6.6550e-02 6.5830e-02 5.0680e-02 1.7930e-01 5.3920e-02 6.1010e-01 1.4250e+00 3.8270e+00 6.3020e+01 6.8900e-03 1.5560e-02 3.1550e-02 9.7140e-03 2.7340e-02 1.3770e-03 2.0760e+01 3.6660e+01 1.3250e+02 1.2950e+03 1.2610e-01 1.5720e-01 2.1410e-01 9.5200e-02 3.3620e-01 6.0330e-02 3.7000e+00 0.0000e+00 1
3.0000e+00 2.1420e+01 2.2840e+01 1.4500e+02 1.4400e+03 1.0700e-01 1.9390e-01 2.3800e-01 1.3180e-01 1.8840e-01 6.4720e-02 1.0850e+00 8.4690e-01 8.3080e+00 1.4250e+02 6.8310e-03 3.5410e-02 4.9480e-02 1.7700e-02 1.4810e-02 3.9790e-03 2.8340e+01 2.7980e+01 1.9830e+02 2.3750e+03 1.4980e-01 4.3790e-01 5.4110e-01 2.2150e-01 2.8320e-01 8.9810e-02 3.0000e+00 nan 2
6.0000e+00 1.6700e+01 2.8130e+01 1.1030e+02 8.8540e+02 8.8960e-02 1.1310e-01 1.0120e-01 4.9890e-02 1.8900e-01 6.0350e-02 6.0520e-01 1.2350e+00 4.2430e+00 6.3910e+01 7.7670e-03 2.6310e-02 3.9570e-02 1.4110e-02 1.9570e-02 3.6060e-03 1.9740e+01 3.4920e+01 1.2880e+02 1.2130e+03 1.3300e-01 2.8080e-01 3.4550e-01 1.3170e-01 3.0350e-01 8.0360e-02 3.5000e+00 0.0000e+00 1
